WFRMS, V_rate
-5.00, 0.00000
-4.95, 0.00000
-4.90, 0.00000
-4.85, 0.00000
-4.80, 0.00000
-4.75, 0.00000
-4.70, 0.00000
-4.65, 0.00000
-4.60, 0.00000
-4.55, 0.00000
-4.50, 0.00000
-4.45, 0.00000
-4.40, 0.00000
-4.35, 0.00000
-4.30, 0.00000
-4.25, 0.00000
-4.20, 0.00000
-4.15, 0.00000
-4.10, 0.00006
-4.05, 0.01328
-4.00, 0.01328
-3.95, 0.01328
-3.90, 0.01328
-3.85, 0.01328
-3.80, 0.01328
-3.75, 0.01328
-3.70, 0.06609
-3.65, 0.11790
-3.60, 0.11790
-3.55, 0.11790
-3.50, 0.17036
-3.45, 0.22313
-3.40, 0.27584
-3.35, 0.42948
-3.30, 0.58661
-3.25, 0.79771
-3.20, 1.00224
-3.15, 1.10767
-3.10, 1.37554
-3.05, 1.84991
-3.00, 2.16838
-2.95, 2.54433
-2.90, 3.06889
-2.85, 3.70274
-2.80, 4.79013
-2.75, 5.94735
-2.70, 6.77679
-2.65, 7.78845
-2.60, 9.68486
-2.55, 11.63606
-2.50, 13.20134
-2.45, 14.97970
-2.40, 17.07725
-2.35, 19.70303
-2.30, 22.12284
-2.25, 25.22979
-2.20, 29.09567
-2.15, 32.56659
-2.10, 36.32353
-2.05, 40.91094
-2.00, 44.78100
-1.95, 49.66579
-1.90, 54.36795
-1.85, 58.72944
-1.80, 61.38259
-1.75, 65.43513
-1.70, 68.38532
-1.65, 70.33206
-1.60, 72.03070
-1.55, 73.02036
-1.50, 73.71156
-1.45, 74.06874
-1.40, 74.33221
-1.35, 74.72324
-1.30, 75.12441
-1.25, 75.56642
-1.20, 75.76606
-1.15, 75.92436
-1.10, 76.14796
-1.05, 76.41187
-1.00, 76.83199
-0.95, 76.84789
-0.90, 76.90008
-0.85, 77.11091
-0.80, 77.21519
-0.75, 77.32072
-0.70, 77.37331
-0.65, 77.37331
-0.60, 77.47885
-0.55, 77.47890
-0.50, 77.53394
-0.45, 77.53394
-0.40, 77.68459
-0.35, 77.73735
-0.30, 77.73735
-0.25, 77.73735
-0.20, 77.79018
-0.15, 77.84297
-0.10, 77.89455
-0.05, 77.89456
0.00, 77.89456
0.05, 77.99927
0.10, 77.99927
0.15, 78.15303
0.20, 78.15304
0.25, 78.15304
0.30, 78.20570
0.35, 78.20570
0.40, 78.20570
0.45, 78.20570
0.50, 78.20573
0.55, 78.20573
0.60, 78.20573
0.65, 78.20573
0.70, 78.20573
0.75, 78.20573
0.80, 78.20573
0.85, 78.20573
0.90, 78.20573
0.95, 78.20573
1.00, 78.20573
1.05, 78.20573
1.10, 78.20573
1.15, 78.20573
1.20, 78.20573
1.25, 78.20573
1.30, 78.20573
1.35, 78.20573
1.40, 78.20573
1.45, 78.20573
1.50, 78.20573
1.55, 78.20573
1.60, 78.20573
1.65, 78.20573
1.70, 78.20573
1.75, 78.20573
1.80, 78.20573
1.85, 78.20573
1.90, 78.20573
1.95, 78.20573
2.00, 78.20573
2.05, 78.20573
2.10, 78.20573
2.15, 78.20573
2.20, 78.20573
2.25, 78.20573
2.30, 78.20573
2.35, 78.20573
2.40, 78.20573
2.45, 78.20573
2.50, 78.20573
2.55, 78.20573
2.60, 78.20573
2.65, 78.20573
2.70, 78.20573
2.75, 78.20573
2.80, 78.20573
2.85, 78.20573
2.90, 78.20573
2.95, 78.20573
3.00, 78.20573
3.05, 100.05205
3.10, 100.05205
3.15, 100.05205
3.20, 100.05205
3.25, 100.05205
3.30, 100.05205
3.35, 100.05205
3.40, 100.05205
3.45, 100.05205
3.50, 100.05205
3.55, 100.05205
3.60, 100.05205
3.65, 100.05205
3.70, 100.05205
3.75, 100.05205
3.80, 100.05205
3.85, 100.05205
3.90, 100.05205
3.95, 100.05205
4.00, 100.05205
4.05, 100.05205
4.10, 100.05205
4.15, 100.05205
4.20, 100.05205
4.25, 100.05205
4.30, 100.05205
4.35, 100.05205
4.40, 100.05205
4.45, 100.05205
4.50, 100.05205
4.55, 100.05205
4.60, 100.05205
4.65, 100.05205
4.70, 100.05205
4.75, 100.05205
4.80, 100.05205
4.85, 100.05205
4.90, 100.05205
4.95, 100.05205
--------------------------------------
WFRMS, H_rate
-5.00, 0.00000
-4.95, 0.00000
-4.90, 0.00000
-4.85, 0.00000
-4.80, 0.00000
-4.75, 0.00000
-4.70, 0.00000
-4.65, 0.00000
-4.60, 0.00000
-4.55, 0.00000
-4.50, 0.00000
-4.45, 0.00000
-4.40, 0.00000
-4.35, 0.00000
-4.30, 0.00000
-4.25, 0.00000
-4.20, 0.00000
-4.15, 0.00000
-4.10, 0.00000
-4.05, 0.00000
-4.00, 0.04384
-3.95, 0.04384
-3.90, 0.04384
-3.85, 0.04384
-3.80, 0.04384
-3.75, 0.04384
-3.70, 0.04384
-3.65, 0.04384
-3.60, 0.04384
-3.55, 0.04384
-3.50, 0.04384
-3.45, 0.09228
-3.40, 0.09228
-3.35, 0.14507
-3.30, 0.14507
-3.25, 0.14507
-3.20, 0.30819
-3.15, 0.41339
-3.10, 0.46611
-3.05, 0.56980
-3.00, 0.67448
-2.95, 0.72779
-2.90, 0.97749
-2.85, 1.02870
-2.80, 1.38783
-2.75, 1.59851
-2.70, 1.84032
-2.65, 2.20763
-2.60, 2.92712
-2.55, 3.42735
-2.50, 3.98568
-2.45, 4.48213
-2.40, 5.28397
-2.35, 6.38898
-2.30, 7.63816
-2.25, 8.88069
-2.20, 10.37664
-2.15, 11.92495
-2.10, 14.13598
-2.05, 16.89640
-2.00, 19.85752
-1.95, 22.70006
-1.90, 26.58863
-1.85, 30.17833
-1.80, 34.21801
-1.75, 38.06805
-1.70, 41.94298
-1.65, 46.31266
-1.60, 49.49732
-1.55, 52.27829
-1.50, 54.62465
-1.45, 57.22539
-1.40, 59.19989
-1.35, 61.07657
-1.30, 62.32509
-1.25, 63.93006
-1.20, 64.61411
-1.15, 65.03574
-1.10, 65.45879
-1.05, 65.67460
-1.00, 66.05053
-0.95, 66.47384
-0.90, 66.52532
-0.85, 66.67043
-0.80, 66.92003
-0.75, 66.97282
-0.70, 67.02522
-0.65, 67.02522
-0.60, 67.02576
-0.55, 67.02576
-0.50, 67.02576
-0.45, 67.07845
-0.40, 67.16372
-0.35, 67.21595
-0.30, 67.26869
-0.25, 67.37401
-0.20, 67.44784
-0.15, 67.44784
-0.10, 67.55342
-0.05, 67.55343
0.00, 67.65813
0.05, 67.65844
0.10, 67.71118
0.15, 67.76401
0.20, 67.86911
0.25, 67.86911
0.30, 67.86911
0.35, 67.86911
0.40, 67.92190
0.45, 67.92190
0.50, 67.92190
0.55, 67.92190
0.60, 67.92190
0.65, 67.92190
0.70, 67.92190
0.75, 67.92190
0.80, 67.92190
0.85, 67.92190
0.90, 67.92190
0.95, 67.92190
1.00, 67.92190
1.05, 67.92190
1.10, 67.92190
1.15, 67.92190
1.20, 67.92190
1.25, 67.92190
1.30, 67.92190
1.35, 67.92190
1.40, 67.92190
1.45, 67.92190
1.50, 67.92190
1.55, 67.92190
1.60, 67.92190
1.65, 67.92190
1.70, 67.92190
1.75, 67.92190
1.80, 67.92190
1.85, 67.92190
1.90, 67.92190
1.95, 67.92190
2.00, 67.92190
2.05, 67.92190
2.10, 67.92190
2.15, 67.92190
2.20, 67.92190
2.25, 67.92190
2.30, 67.92190
2.35, 67.92190
2.40, 67.92190
2.45, 67.92190
2.50, 67.92190
2.55, 67.92190
2.60, 67.92190
2.65, 67.92190
2.70, 67.92190
2.75, 67.92190
2.80, 67.92190
2.85, 67.92190
2.90, 67.92190
2.95, 67.92190
3.00, 67.92190
3.05, 100.05205
3.10, 100.05205
3.15, 100.05205
3.20, 100.05205
3.25, 100.05205
3.30, 100.05205
3.35, 100.05205
3.40, 100.05205
3.45, 100.05205
3.50, 100.05205
3.55, 100.05205
3.60, 100.05205
3.65, 100.05205
3.70, 100.05205
3.75, 100.05205
3.80, 100.05205
3.85, 100.05205
3.90, 100.05205
3.95, 100.05205
4.00, 100.05205
4.05, 100.05205
4.10, 100.05205
4.15, 100.05205
4.20, 100.05205
4.25, 100.05205
4.30, 100.05205
4.35, 100.05205
4.40, 100.05205
4.45, 100.05205
4.50, 100.05205
4.55, 100.05205
4.60, 100.05205
4.65, 100.05205
4.70, 100.05205
4.75, 100.05205
4.80, 100.05205
4.85, 100.05205
4.90, 100.05205
4.95, 100.05205
WFRMS, V_rate
-5.00, 0.00000
-4.95, 0.00000
-4.90, 0.00000
-4.85, 0.00000
-4.80, 0.00000
-4.75, 0.00000
-4.70, 0.00000
-4.65, 0.00000
-4.60, 0.00000
-4.55, 0.00000
-4.50, 0.00000
-4.45, 0.00000
-4.40, 0.00000
-4.35, 0.00000
-4.30, 0.00000
-4.25, 0.00000
-4.20, 0.00000
-4.15, 0.00000
-4.10, 0.00006
-4.05, 0.01328
-4.00, 0.01328
-3.95, 0.01328
-3.90, 0.01328
-3.85, 0.01328
-3.80, 0.01328
-3.75, 0.01328
-3.70, 0.06609
-3.65, 0.11790
-3.60, 0.11790
-3.55, 0.11790
-3.50, 0.17036
-3.45, 0.22313
-3.40, 0.27584
-3.35, 0.42948
-3.30, 0.58661
-3.25, 0.79771
-3.20, 1.00224
-3.15, 1.10767
-3.10, 1.37554
-3.05, 1.84991
-3.00, 2.16838
-2.95, 2.54433
-2.90, 3.06889
-2.85, 3.70274
-2.80, 4.79013
-2.75, 5.94735
-2.70, 6.77679
-2.65, 7.78845
-2.60, 9.68486
-2.55, 11.63606
-2.50, 13.20134
-2.45, 14.97970
-2.40, 17.07725
-2.35, 19.70303
-2.30, 22.12284
-2.25, 25.22979
-2.20, 29.09567
-2.15, 32.56659
-2.10, 36.32353
-2.05, 40.91094
-2.00, 44.78100
-1.95, 49.66579
-1.90, 54.36795
-1.85, 58.72944
-1.80, 61.38259
-1.75, 65.43513
-1.70, 68.38532
-1.65, 70.33206
-1.60, 72.03070
-1.55, 73.02036
-1.50, 73.71156
-1.45, 74.06874
-1.40, 74.33221
-1.35, 74.72324
-1.30, 75.12441
-1.25, 75.56642
-1.20, 75.76606
-1.15, 75.92436
-1.10, 76.14796
-1.05, 76.41187
-1.00, 76.83199
-0.95, 76.84789
-0.90, 76.90008
-0.85, 77.11091
-0.80, 77.21519
-0.75, 77.32072
-0.70, 77.37331
-0.65, 77.37331
-0.60, 77.47885
-0.55, 77.47890
-0.50, 77.53394
-0.45, 77.53394
-0.40, 77.68459
-0.35, 77.73735
-0.30, 77.73735
-0.25, 77.73735
-0.20, 77.79018
-0.15, 77.84297
-0.10, 77.89455
-0.05, 77.89456
0.00, 77.89456
0.05, 77.99927
0.10, 77.99927
0.15, 78.15303
0.20, 78.15304
0.25, 78.15304
0.30, 78.20570
0.35, 78.20570
0.40, 78.20570
0.45, 78.20570
0.50, 78.20573
0.55, 78.20573
0.60, 78.20573
0.65, 78.20573
0.70, 78.20573
0.75, 78.20573
0.80, 78.20573
0.85, 78.20573
0.90, 78.20573
0.95, 78.20573
1.00, 78.20573
1.05, 78.20573
1.10, 78.20573
1.15, 78.20573
1.20, 78.20573
1.25, 78.20573
1.30, 78.20573
1.35, 78.20573
1.40, 78.20573
1.45, 78.20573
1.50, 78.20573
1.55, 78.20573
1.60, 78.20573
1.65, 78.20573
1.70, 78.20573
1.75, 78.20573
1.80, 78.20573
1.85, 78.20573
1.90, 78.20573
1.95, 78.20573
2.00, 78.20573
2.05, 78.20573
2.10, 78.20573
2.15, 78.20573
2.20, 78.20573
2.25, 78.20573
2.30, 78.20573
2.35, 78.20573
2.40, 78.20573
2.45, 78.20573
2.50, 78.20573
2.55, 78.20573
2.60, 78.20573
2.65, 78.20573
2.70, 78.20573
2.75, 78.20573
2.80, 78.20573
2.85, 78.20573
2.90, 78.20573
2.95, 78.20573
3.00, 78.20573
3.05, 100.05205
3.10, 100.05205
3.15, 100.05205
3.20, 100.05205
3.25, 100.05205
3.30, 100.05205
3.35, 100.05205
3.40, 100.05205
3.45, 100.05205
3.50, 100.05205
3.55, 100.05205
3.60, 100.05205
3.65, 100.05205
3.70, 100.05205
3.75, 100.05205
3.80, 100.05205
3.85, 100.05205
3.90, 100.05205
3.95, 100.05205
4.00, 100.05205
4.05, 100.05205
4.10, 100.05205
4.15, 100.05205
4.20, 100.05205
4.25, 100.05205
4.30, 100.05205
4.35, 100.05205
4.40, 100.05205
4.45, 100.05205
4.50, 100.05205
4.55, 100.05205
4.60, 100.05205
4.65, 100.05205
4.70, 100.05205
4.75, 100.05205
4.80, 100.05205
4.85, 100.05205
4.90, 100.05205
4.95, 100.05205
--------------------------------------
WFRMS, H_rate
-5.00, 0.00000
-4.95, 0.00000
-4.90, 0.00000
-4.85, 0.00000
-4.80, 0.00000
-4.75, 0.00000
-4.70, 0.00000
-4.65, 0.00000
-4.60, 0.00000
-4.55, 0.00000
-4.50, 0.00000
-4.45, 0.00000
-4.40, 0.00000
-4.35, 0.00000
-4.30, 0.00000
-4.25, 0.00000
-4.20, 0.00000
-4.15, 0.00000
-4.10, 0.00000
-4.05, 0.00000
-4.00, 0.04384
-3.95, 0.04384
-3.90, 0.04384
-3.85, 0.04384
-3.80, 0.04384
-3.75, 0.04384
-3.70, 0.04384
-3.65, 0.04384
-3.60, 0.04384
-3.55, 0.04384
-3.50, 0.04384
-3.45, 0.09228
-3.40, 0.09228
-3.35, 0.14507
-3.30, 0.14507
-3.25, 0.14507
-3.20, 0.30819
-3.15, 0.41339
-3.10, 0.46611
-3.05, 0.56980
-3.00, 0.67448
-2.95, 0.72779
-2.90, 0.97749
-2.85, 1.02870
-2.80, 1.38783
-2.75, 1.59851
-2.70, 1.84032
-2.65, 2.20763
-2.60, 2.92712
-2.55, 3.42735
-2.50, 3.98568
-2.45, 4.48213
-2.40, 5.28397
-2.35, 6.38898
-2.30, 7.63816
-2.25, 8.88069
-2.20, 10.37664
-2.15, 11.92495
-2.10, 14.13598
-2.05, 16.89640
-2.00, 19.85752
-1.95, 22.70006
-1.90, 26.58863
-1.85, 30.17833
-1.80, 34.21801
-1.75, 38.06805
-1.70, 41.94298
-1.65, 46.31266
-1.60, 49.49732
-1.55, 52.27829
-1.50, 54.62465
-1.45, 57.22539
-1.40, 59.19989
-1.35, 61.07657
-1.30, 62.32509
-1.25, 63.93006
-1.20, 64.61411
-1.15, 65.03574
-1.10, 65.45879
-1.05, 65.67460
-1.00, 66.05053
-0.95, 66.47384
-0.90, 66.52532
-0.85, 66.67043
-0.80, 66.92003
-0.75, 66.97282
-0.70, 67.02522
-0.65, 67.02522
-0.60, 67.02576
-0.55, 67.02576
-0.50, 67.02576
-0.45, 67.07845
-0.40, 67.16372
-0.35, 67.21595
-0.30, 67.26869
-0.25, 67.37401
-0.20, 67.44784
-0.15, 67.44784
-0.10, 67.55342
-0.05, 67.55343
0.00, 67.65813
0.05, 67.65844
0.10, 67.71118
0.15, 67.76401
0.20, 67.86911
0.25, 67.86911
0.30, 67.86911
0.35, 67.86911
0.40, 67.92190
0.45, 67.92190
0.50, 67.92190
0.55, 67.92190
0.60, 67.92190
0.65, 67.92190
0.70, 67.92190
0.75, 67.92190
0.80, 67.92190
0.85, 67.92190
0.90, 67.92190
0.95, 67.92190
1.00, 67.92190
1.05, 67.92190
1.10, 67.92190
1.15, 67.92190
1.20, 67.92190
1.25, 67.92190
1.30, 67.92190
1.35, 67.92190
1.40, 67.92190
1.45, 67.92190
1.50, 67.92190
1.55, 67.92190
1.60, 67.92190
1.65, 67.92190
1.70, 67.92190
1.75, 67.92190
1.80, 67.92190
1.85, 67.92190
1.90, 67.92190
1.95, 67.92190
2.00, 67.92190
2.05, 67.92190
2.10, 67.92190
2.15, 67.92190
2.20, 67.92190
2.25, 67.92190
2.30, 67.92190
2.35, 67.92190
2.40, 67.92190
2.45, 67.92190
2.50, 67.92190
2.55, 67.92190
2.60, 67.92190
2.65, 67.92190
2.70, 67.92190
2.75, 67.92190
2.80, 67.92190
2.85, 67.92190
2.90, 67.92190
2.95, 67.92190
3.00, 67.92190
3.05, 100.05205
3.10, 100.05205
3.15, 100.05205
3.20, 100.05205
3.25, 100.05205
3.30, 100.05205
3.35, 100.05205
3.40, 100.05205
3.45, 100.05205
3.50, 100.05205
3.55, 100.05205
3.60, 100.05205
3.65, 100.05205
3.70, 100.05205
3.75, 100.05205
3.80, 100.05205
3.85, 100.05205
3.90, 100.05205
3.95, 100.05205
4.00, 100.05205
4.05, 100.05205
4.10, 100.05205
4.15, 100.05205
4.20, 100.05205
4.25, 100.05205
4.30, 100.05205
4.35, 100.05205
4.40, 100.05205
4.45, 100.05205
4.50, 100.05205
4.55, 100.05205
4.60, 100.05205
4.65, 100.05205
4.70, 100.05205
4.75, 100.05205
4.80, 100.05205
4.85, 100.05205
4.90, 100.05205
4.95, 100.05205
WFRMS, V_rate
-5.00, 0.07996
-4.95, 0.07996
-4.90, 0.07996
-4.85, 0.07996
-4.80, 0.07996
-4.75, 0.07996
-4.70, 0.07996
-4.65, 0.07996
-4.60, 0.07996
-4.55, 0.07996
-4.50, 0.07996
-4.45, 0.07996
-4.40, 0.07996
-4.35, 0.07996
-4.30, 0.07996
-4.25, 0.07996
-4.20, 0.07996
-4.15, 0.07996
-4.10, 0.07996
-4.05, 0.15990
-4.00, 0.15990
-3.95, 0.15990
-3.90, 0.15990
-3.85, 0.15990
-3.80, 0.15990
-3.75, 0.15990
-3.70, 0.23988
-3.65, 0.23988
-3.60, 0.23988
-3.55, 0.23988
-3.50, 0.39980
-3.45, 0.47977
-3.40, 0.47977
-3.35, 0.55965
-3.30, 0.71958
-3.25, 0.79953
-3.20, 1.03933
-3.15, 1.19927
-3.10, 1.43918
-3.05, 1.43918
-3.00, 1.51915
-2.95, 1.67905
-2.90, 1.99887
-2.85, 2.39852
-2.80, 2.47843
-2.75, 3.11802
-2.70, 3.67755
-2.65, 4.39729
-2.60, 5.27684
-2.55, 6.87552
-2.50, 7.91482
-2.45, 9.19409
-2.40, 10.95289
-2.35, 12.47199
-2.30, 14.71044
-2.25, 16.62886
-2.20, 18.30774
-2.15, 21.82478
-2.10, 24.30244
-2.05, 28.13973
-2.00, 33.09637
-1.95, 37.97156
-1.90, 43.80625
-1.85, 50.68014
-1.80, 57.07437
-1.75, 65.30758
-1.70, 70.42316
-1.65, 76.97822
-1.60, 82.57318
-1.55, 85.61043
-1.50, 87.44943
-1.45, 88.64839
-1.40, 89.60778
-1.35, 90.80683
-1.30, 91.28648
-1.25, 91.68612
-1.20, 91.92597
-1.15, 92.24567
-1.10, 92.64551
-1.05, 92.96542
-1.00, 93.12535
-0.95, 93.36489
-0.90, 93.60479
-0.85, 93.68477
-0.80, 93.68477
-0.75, 93.68477
-0.70, 93.68477
-0.65, 93.68477
-0.60, 93.68477
-0.55, 93.68477
-0.50, 93.68477
-0.45, 93.68477
-0.40, 93.76473
-0.35, 93.76473
-0.30, 93.76473
-0.25, 93.76473
-0.20, 93.76473
-0.15, 93.84471
-0.10, 93.84471
-0.05, 93.84471
0.00, 93.84471
0.05, 93.84471
0.10, 93.84471
0.15, 93.92468
0.20, 93.92468
0.25, 93.92468
0.30, 93.92468
0.35, 93.92468
0.40, 93.92468
0.45, 93.92468
0.50, 93.92468
0.55, 93.92468
0.60, 93.92468
0.65, 93.92468
0.70, 93.92468
0.75, 93.92468
0.80, 93.92468
0.85, 93.92468
0.90, 93.92468
0.95, 93.92468
1.00, 93.92468
1.05, 93.92468
1.10, 93.92468
1.15, 93.92468
1.20, 93.92468
1.25, 93.92468
1.30, 93.92468
1.35, 93.92468
1.40, 93.92468
1.45, 93.92468
1.50, 93.92468
1.55, 93.92468
1.60, 93.92468
1.65, 93.92468
1.70, 93.92468
1.75, 93.92468
1.80, 93.92468
1.85, 93.92468
1.90, 93.92468
1.95, 93.92468
2.00, 93.92468
2.05, 93.92468
2.10, 93.92468
2.15, 93.92468
2.20, 93.92468
2.25, 93.92468
2.30, 93.92468
2.35, 93.92468
2.40, 93.92468
2.45, 93.92468
2.50, 93.92468
2.55, 93.92468
2.60, 93.92468
2.65, 93.92468
2.70, 93.92468
2.75, 93.92468
2.80, 93.92468
2.85, 93.92468
2.90, 93.92468
2.95, 93.92468
3.00, 93.92468
3.05, 100.15955
3.10, 100.15955
3.15, 100.15955
3.20, 100.15955
3.25, 100.15955
3.30, 100.15955
3.35, 100.15955
3.40, 100.15955
3.45, 100.15955
3.50, 100.15955
3.55, 100.15955
3.60, 100.15955
3.65, 100.15955
3.70, 100.15955
3.75, 100.15955
3.80, 100.15955
3.85, 100.15955
3.90, 100.15955
3.95, 100.15955
4.00, 100.15955
4.05, 100.15955
4.10, 100.15955
4.15, 100.15955
4.20, 100.15955
4.25, 100.15955
4.30, 100.15955
4.35, 100.15955
4.40, 100.15955
4.45, 100.15955
4.50, 100.15955
4.55, 100.15955
4.60, 100.15955
4.65, 100.15955
4.70, 100.15955
4.75, 100.15955
4.80, 100.15955
4.85, 100.15955
4.90, 100.15955
4.95, 100.15955
--------------------------------------
WFRMS, H_rate
-5.00, 0.00000
-4.95, 0.00000
-4.90, 0.00000
-4.85, 0.00000
-4.80, 0.00000
-4.75, 0.00000
-4.70, 0.00000
-4.65, 0.00000
-4.60, 0.00000
-4.55, 0.00000
-4.50, 0.00000
-4.45, 0.00000
-4.40, 0.00000
-4.35, 0.00000
-4.30, 0.00000
-4.25, 0.00000
-4.20, 0.00000
-4.15, 0.00000
-4.10, 0.00000
-4.05, 0.00000
-4.00, 0.00000
-3.95, 0.00000
-3.90, 0.00000
-3.85, 0.00000
-3.80, 0.00000
-3.75, 0.00000
-3.70, 0.00000
-3.65, 0.00000
-3.60, 0.00000
-3.55, 0.00000
-3.50, 0.00000
-3.45, 0.00000
-3.40, 0.00000
-3.35, 0.00000
-3.30, 0.00000
-3.25, 0.00000
-3.20, 0.00000
-3.15, 0.00000
-3.10, 0.00000
-3.05, 0.00000
-3.00, 0.00000
-2.95, 0.00000
-2.90, 0.07991
-2.85, 0.07991
-2.80, 0.07991
-2.75, 0.07991
-2.70, 0.07991
-2.65, 0.07991
-2.60, 0.23969
-2.55, 0.31959
-2.50, 0.47933
-2.45, 0.55916
-2.40, 0.55916
-2.35, 0.63909
-2.30, 0.71901
-2.25, 0.95865
-2.20, 1.03855
-2.15, 1.11845
-2.10, 1.51796
-2.05, 1.59785
-2.00, 1.75764
-1.95, 2.15713
-1.90, 2.71643
-1.85, 3.19586
-1.80, 3.51545
-1.75, 4.39418
-1.70, 5.19302
-1.65, 6.71095
-1.60, 8.46829
-1.55, 9.34698
-1.50, 10.06602
-1.45, 10.38562
-1.40, 10.86487
-1.35, 11.18452
-1.30, 11.42418
-1.25, 12.06331
-1.20, 12.22315
-1.15, 12.30306
-1.10, 12.54278
-1.05, 12.62263
-1.00, 12.86231
-0.95, 13.34151
-0.90, 13.58126
-0.85, 13.74082
-0.80, 13.74082
-0.75, 13.74082
-0.70, 13.74082
-0.65, 13.74082
-0.60, 13.90064
-0.55, 13.90064
-0.50, 13.98050
-0.45, 13.98050
-0.40, 13.98050
-0.35, 14.14029
-0.30, 14.14029
-0.25, 14.14029
-0.20, 14.14029
-0.15, 14.14029
-0.10, 14.22002
-0.05, 14.22002
0.00, 14.22002
0.05, 14.22002
0.10, 14.22002
0.15, 14.22002
0.20, 14.22002
0.25, 14.22002
0.30, 14.22002
0.35, 14.22002
0.40, 14.22002
0.45, 14.22002
0.50, 14.22002
0.55, 14.22002
0.60, 14.22002
0.65, 14.22002
0.70, 14.22002
0.75, 14.22002
0.80, 14.22002
0.85, 14.22002
0.90, 14.22002
0.95, 14.22002
1.00, 14.22002
1.05, 14.22002
1.10, 14.22002
1.15, 14.22002
1.20, 14.22002
1.25, 14.22002
1.30, 14.22002
1.35, 14.22002
1.40, 14.22002
1.45, 14.22002
1.50, 14.22002
1.55, 14.22002
1.60, 14.22002
1.65, 14.22002
1.70, 14.22002
1.75, 14.22002
1.80, 14.22002
1.85, 14.22002
1.90, 14.22002
1.95, 14.22002
2.00, 14.22002
2.05, 14.22002
2.10, 14.22002
2.15, 14.22002
2.20, 14.22002
2.25, 14.22002
2.30, 14.22002
2.35, 14.22002
2.40, 14.22002
2.45, 14.22002
2.50, 14.22002
2.55, 14.22002
2.60, 14.22002
2.65, 14.22002
2.70, 14.22002
2.75, 14.22002
2.80, 14.22002
2.85, 14.22002
2.90, 14.22002
2.95, 14.22002
3.00, 14.22002
3.05, 100.07949
3.10, 100.07949
3.15, 100.07949
3.20, 100.07949
3.25, 100.07949
3.30, 100.07949
3.35, 100.07949
3.40, 100.07949
3.45, 100.07949
3.50, 100.07949
3.55, 100.07949
3.60, 100.07949
3.65, 100.07949
3.70, 100.07949
3.75, 100.07949
3.80, 100.07949
3.85, 100.07949
3.90, 100.07949
3.95, 100.07949
4.00, 100.07949
4.05, 100.07949
4.10, 100.07949
4.15, 100.07949
4.20, 100.07949
4.25, 100.07949
4.30, 100.07949
4.35, 100.07949
4.40, 100.07949
4.45, 100.07949
4.50, 100.07949
4.55, 100.07949
4.60, 100.07949
4.65, 100.07949
4.70, 100.07949
4.75, 100.07949
4.80, 100.07949
4.85, 100.07949
4.90, 100.07949
4.95, 100.07949
WFRMS, V_rate
-5.00, 0.00000
-4.95, 0.00000
-4.90, 0.00000
-4.85, 0.00000
-4.80, 0.00000
-4.75, 0.00000
-4.70, 0.00000
-4.65, 0.00000
-4.60, 0.00000
-4.55, 0.00000
-4.50, 0.00000
-4.45, 0.00000
-4.40, 0.00000
-4.35, 0.00000
-4.30, 0.00000
-4.25, 0.00000
-4.20, 0.00000
-4.15, 0.00000
-4.10, 0.00000
-4.05, 0.00000
-4.00, 0.00000
-3.95, 0.00000
-3.90, 0.00000
-3.85, 0.00000
-3.80, 0.00000
-3.75, 0.00000
-3.70, 0.00000
-3.65, 0.00000
-3.60, 0.00000
-3.55, 0.00000
-3.50, 0.00000
-3.45, 0.00000
-3.40, 0.00016
-3.35, 0.00016
-3.30, 0.00032
-3.25, 0.00032
-3.20, 0.00032
-3.15, 0.00032
-3.10, 0.00032
-3.05, 0.00032
-3.00, 0.00032
-2.95, 0.00032
-2.90, 0.00032
-2.85, 0.00063
-2.80, 0.00095
-2.75, 0.00127
-2.70, 0.00159
-2.65, 0.00270
-2.60, 0.00317
-2.55, 0.00444
-2.50, 0.00492
-2.45, 0.00682
-2.40, 0.00841
-2.35, 0.01095
-2.30, 0.01301
-2.25, 0.01745
-2.20, 0.02110
-2.15, 0.02602
-2.10, 0.03395
-2.05, 0.04331
-2.00, 0.05506
-1.95, 0.06695
-1.90, 0.08409
-1.85, 0.10678
-1.80, 0.13232
-1.75, 0.16850
-1.70, 0.21165
-1.65, 0.27290
-1.60, 0.33906
-1.55, 0.41886
-1.50, 0.51454
-1.45, 0.63004
-1.40, 0.76046
-1.35, 0.91341
-1.30, 1.09539
-1.25, 1.29547
-1.20, 1.52870
-1.15, 1.79493
-1.10, 2.09496
-1.05, 2.44465
-1.00, 2.83241
-0.95, 3.25493
-0.90, 3.72901
-0.85, 4.25703
-0.80, 4.80568
-0.75, 5.41383
-0.70, 6.07640
-0.65, 6.75673
-0.60, 7.47182
-0.55, 8.21863
-0.50, 8.96751
-0.45, 9.73226
-0.40, 10.48590
-0.35, 11.23113
-0.30, 11.99365
-0.25, 12.76538
-0.20, 13.54742
-0.15, 14.30201
-0.10, 15.05803
-0.05, 15.81786
0.00, 16.57023
0.05, 17.31419
0.10, 18.03118
0.15, 18.73468
0.20, 19.38916
0.25, 19.99445
0.30, 20.53453
0.35, 20.99544
0.40, 21.36226
0.45, 21.62183
0.50, 21.79683
0.55, 21.88965
0.60, 21.94407
0.65, 21.97358
0.70, 21.98310
0.75, 21.98612
0.80, 21.98675
0.85, 21.98675
0.90, 21.98675
0.95, 21.98675
1.00, 21.98675
1.05, 21.98675
1.10, 21.98675
1.15, 21.98675
1.20, 21.98675
1.25, 21.98675
1.30, 21.98675
1.35, 21.98675
1.40, 21.98675
1.45, 21.98675
1.50, 21.98675
1.55, 21.98675
1.60, 21.98675
1.65, 21.98675
1.70, 21.98675
1.75, 21.98675
1.80, 21.98675
1.85, 21.98675
1.90, 21.98675
1.95, 21.98675
2.00, 21.98675
2.05, 21.98675
2.10, 21.98675
2.15, 21.98675
2.20, 21.98675
2.25, 21.98675
2.30, 21.98675
2.35, 21.98675
2.40, 21.98675
2.45, 21.98675
2.50, 21.98675
2.55, 21.98675
2.60, 21.98675
2.65, 21.98675
2.70, 21.98675
2.75, 21.98675
2.80, 21.98675
2.85, 21.98675
2.90, 21.98675
2.95, 21.98675
3.00, 21.98675
3.05, 100.00000
3.10, 100.00000
3.15, 100.00000
3.20, 100.00000
3.25, 100.00000
3.30, 100.00000
3.35, 100.00000
3.40, 100.00000
3.45, 100.00000
3.50, 100.00000
3.55, 100.00000
3.60, 100.00000
3.65, 100.00000
3.70, 100.00000
3.75, 100.00000
3.80, 100.00000
3.85, 100.00000
3.90, 100.00000
3.95, 100.00000
4.00, 100.00000
4.05, 100.00000
4.10, 100.00000
4.15, 100.00000
4.20, 100.00000
4.25, 100.00000
4.30, 100.00000
4.35, 100.00000
4.40, 100.00000
4.45, 100.00000
4.50, 100.00000
4.55, 100.00000
4.60, 100.00000
4.65, 100.00000
4.70, 100.00000
4.75, 100.00000
4.80, 100.00000
4.85, 100.00000
4.90, 100.00000
4.95, 100.00000
--------------------------------------
WFRMS, H_rate
-5.00, 0.00000
-4.95, 0.00000
-4.90, 0.00000
-4.85, 0.00000
-4.80, 0.00000
-4.75, 0.00000
-4.70, 0.00000
-4.65, 0.00000
-4.60, 0.00000
-4.55, 0.00000
-4.50, 0.00000
-4.45, 0.00000
-4.40, 0.00000
-4.35, 0.00000
-4.30, 0.00000
-4.25, 0.00000
-4.20, 0.00000
-4.15, 0.00000
-4.10, 0.00000
-4.05, 0.00000
-4.00, 0.00000
-3.95, 0.00000
-3.90, 0.00000
-3.85, 0.00000
-3.80, 0.00000
-3.75, 0.00000
-3.70, 0.00016
-3.65, 0.00016
-3.60, 0.00016
-3.55, 0.00016
-3.50, 0.00016
-3.45, 0.00016
-3.40, 0.00016
-3.35, 0.00016
-3.30, 0.00032
-3.25, 0.00032
-3.20, 0.00063
-3.15, 0.00079
-3.10, 0.00095
-3.05, 0.00127
-3.00, 0.00175
-2.95, 0.00206
-2.90, 0.00286
-2.85, 0.00333
-2.80, 0.00413
-2.75, 0.00476
-2.70, 0.00603
-2.65, 0.00762
-2.60, 0.00968
-2.55, 0.01174
-2.50, 0.01396
-2.45, 0.01682
-2.40, 0.02015
-2.35, 0.02348
-2.30, 0.03078
-2.25, 0.04062
-2.20, 0.05125
-2.15, 0.06711
-2.10, 0.08235
-2.05, 0.10424
-2.00, 0.13185
-1.95, 0.16913
-1.90, 0.21197
-1.85, 0.27448
-1.80, 0.34652
-1.75, 0.43933
-1.70, 0.54928
-1.65, 0.68113
-1.60, 0.86518
-1.55, 1.08334
-1.50, 1.35639
-1.45, 1.69117
-1.40, 2.09036
-1.35, 2.55143
-1.30, 3.11642
-1.25, 3.77042
-1.20, 4.52882
-1.15, 5.38987
-1.10, 6.34945
-1.05, 7.38360
-1.00, 8.54690
-0.95, 9.83015
-0.90, 11.17354
-0.85, 12.58816
-0.80, 14.06037
-0.75, 15.57511
-0.70, 17.13506
-0.65, 18.70596
-0.60, 20.28495
-0.55, 21.79112
-0.50, 23.22907
-0.45, 24.62306
-0.40, 25.95676
-0.35, 27.26841
-0.30, 28.58403
-0.25, 29.84999
-0.20, 31.07564
-0.15, 32.25830
-0.10, 33.45333
-0.05, 34.55016
0.00, 35.62112
0.05, 36.63226
0.10, 37.61628
0.15, 38.55714
0.20, 39.41914
0.25, 40.20880
0.30, 40.86058
0.35, 41.41208
0.40, 41.82825
0.45, 42.13129
0.50, 42.33660
0.55, 42.44592
0.60, 42.50637
0.65, 42.53223
0.70, 42.54111
0.75, 42.54318
0.80, 42.54333
0.85, 42.54333
0.90, 42.54333
0.95, 42.54333
1.00, 42.54333
1.05, 42.54333
1.10, 42.54333
1.15, 42.54333
1.20, 42.54333
1.25, 42.54333
1.30, 42.54333
1.35, 42.54333
1.40, 42.54333
1.45, 42.54333
1.50, 42.54333
1.55, 42.54333
1.60, 42.54333
1.65, 42.54333
1.70, 42.54333
1.75, 42.54333
1.80, 42.54333
1.85, 42.54333
1.90, 42.54333
1.95, 42.54333
2.00, 42.54333
2.05, 42.54333
2.10, 42.54333
2.15, 42.54333
2.20, 42.54333
2.25, 42.54333
2.30, 42.54333
2.35, 42.54333
2.40, 42.54333
2.45, 42.54333
2.50, 42.54333
2.55, 42.54333
2.60, 42.54333
2.65, 42.54333
2.70, 42.54333
2.75, 42.54333
2.80, 42.54333
2.85, 42.54333
2.90, 42.54333
2.95, 42.54333
3.00, 42.54333
3.05, 100.00000
3.10, 100.00000
3.15, 100.00000
3.20, 100.00000
3.25, 100.00000
3.30, 100.00000
3.35, 100.00000
3.40, 100.00000
3.45, 100.00000
3.50, 100.00000
3.55, 100.00000
3.60, 100.00000
3.65, 100.00000
3.70, 100.00000
3.75, 100.00000
3.80, 100.00000
3.85, 100.00000
3.90, 100.00000
3.95, 100.00000
4.00, 100.00000
4.05, 100.00000
4.10, 100.00000
4.15, 100.00000
4.20, 100.00000
4.25, 100.00000
4.30, 100.00000
4.35, 100.00000
4.40, 100.00000
4.45, 100.00000
4.50, 100.00000
4.55, 100.00000
4.60, 100.00000
4.65, 100.00000
4.70, 100.00000
4.75, 100.00000
4.80, 100.00000
4.85, 100.00000
4.90, 100.00000
4.95, 100.00000
WFRMS, V_rate
-5.00, 0.00000
-4.95, 0.00000
-4.90, 0.00000
-4.85, 0.00000
-4.80, 0.00000
-4.75, 0.00000
-4.70, 0.00000
-4.65, 0.00000
-4.60, 0.00000
-4.55, 0.00000
-4.50, 0.00000
-4.45, 0.00000
-4.40, 0.00000
-4.35, 0.00000
-4.30, 0.00000
-4.25, 0.00000
-4.20, 0.00000
-4.15, 0.00000
-4.10, 0.00000
-4.05, 0.00000
-4.00, 0.00000
-3.95, 0.00000
-3.90, 0.00000
-3.85, 0.00000
-3.80, 0.00000
-3.75, 0.00000
-3.70, 0.00000
-3.65, 0.00000
-3.60, 0.00000
-3.55, 0.00000
-3.50, 0.00000
-3.45, 0.00000
-3.40, 0.00000
-3.35, 0.00000
-3.30, 0.00000
-3.25, 0.00000
-3.20, 0.00000
-3.15, 0.00000
-3.10, 0.00000
-3.05, 0.00015
-3.00, 0.00015
-2.95, 0.00031
-2.90, 0.00046
-2.85, 0.00061
-2.80, 0.00076
-2.75, 0.00076
-2.70, 0.00092
-2.65, 0.00122
-2.60, 0.00122
-2.55, 0.00199
-2.50, 0.00290
-2.45, 0.00352
-2.40, 0.00397
-2.35, 0.00550
-2.30, 0.00657
-2.25, 0.00734
-2.20, 0.00841
-2.15, 0.01055
-2.10, 0.01376
-2.05, 0.01620
-2.00, 0.02033
-1.95, 0.02584
-1.90, 0.03241
-1.85, 0.03975
-1.80, 0.05091
-1.75, 0.06115
-1.70, 0.07613
-1.65, 0.09799
-1.60, 0.11939
-1.55, 0.14232
-1.50, 0.17321
-1.45, 0.20852
-1.40, 0.24735
-1.35, 0.29826
-1.30, 0.35115
-1.25, 0.41689
-1.20, 0.49424
-1.15, 0.57847
-1.10, 0.67279
-1.05, 0.77094
-1.00, 0.88238
-0.95, 1.02226
-0.90, 1.16459
-0.85, 1.33122
-0.80, 1.51864
-0.75, 1.72410
-0.70, 1.93889
-0.65, 2.17630
-0.60, 2.44429
-0.55, 2.73933
-0.50, 3.04523
-0.45, 3.35969
-0.40, 3.67813
-0.35, 3.99993
-0.30, 4.33655
-0.25, 4.70085
-0.20, 5.05597
-0.15, 5.41461
-0.10, 5.78075
-0.05, 6.15529
0.00, 6.52264
0.05, 6.89534
0.10, 7.27019
0.15, 7.65191
0.20, 8.02171
0.25, 8.37745
0.30, 8.71331
0.35, 9.01967
0.40, 9.29071
0.45, 9.50963
0.50, 9.68604
0.55, 9.79214
0.60, 9.85879
0.65, 9.89655
0.70, 9.91276
0.75, 9.92086
0.80, 9.92193
0.85, 9.92193
0.90, 9.92193
0.95, 9.92193
1.00, 9.92193
1.05, 9.92193
1.10, 9.92193
1.15, 9.92193
1.20, 9.92193
1.25, 9.92193
1.30, 9.92193
1.35, 9.92193
1.40, 9.92193
1.45, 9.92193
1.50, 9.92193
1.55, 9.92193
1.60, 9.92193
1.65, 9.92193
1.70, 9.92193
1.75, 9.92193
1.80, 9.92193
1.85, 9.92193
1.90, 9.92193
1.95, 9.92193
2.00, 9.92193
2.05, 9.92193
2.10, 9.92193
2.15, 9.92193
2.20, 9.92193
2.25, 9.92193
2.30, 9.92193
2.35, 9.92193
2.40, 9.92193
2.45, 9.92193
2.50, 9.92193
2.55, 9.92193
2.60, 9.92193
2.65, 9.92193
2.70, 9.92193
2.75, 9.92193
2.80, 9.92193
2.85, 9.92193
2.90, 9.92193
2.95, 9.92193
3.00, 9.92193
3.05, 100.00000
3.10, 100.00000
3.15, 100.00000
3.20, 100.00000
3.25, 100.00000
3.30, 100.00000
3.35, 100.00000
3.40, 100.00000
3.45, 100.00000
3.50, 100.00000
3.55, 100.00000
3.60, 100.00000
3.65, 100.00000
3.70, 100.00000
3.75, 100.00000
3.80, 100.00000
3.85, 100.00000
3.90, 100.00000
3.95, 100.00000
4.00, 100.00000
4.05, 100.00000
4.10, 100.00000
4.15, 100.00000
4.20, 100.00000
4.25, 100.00000
4.30, 100.00000
4.35, 100.00000
4.40, 100.00000
4.45, 100.00000
4.50, 100.00000
4.55, 100.00000
4.60, 100.00000
4.65, 100.00000
4.70, 100.00000
4.75, 100.00000
4.80, 100.00000
4.85, 100.00000
4.90, 100.00000
4.95, 100.00000
--------------------------------------
WFRMS, H_rate
-5.00, 0.00000
-4.95, 0.00000
-4.90, 0.00000
-4.85, 0.00000
-4.80, 0.00000
-4.75, 0.00000
-4.70, 0.00000
-4.65, 0.00000
-4.60, 0.00000
-4.55, 0.00000
-4.50, 0.00000
-4.45, 0.00000
-4.40, 0.00000
-4.35, 0.00000
-4.30, 0.00000
-4.25, 0.00000
-4.20, 0.00000
-4.15, 0.00000
-4.10, 0.00000
-4.05, 0.00000
-4.00, 0.00000
-3.95, 0.00000
-3.90, 0.00000
-3.85, 0.00000
-3.80, 0.00000
-3.75, 0.00000
-3.70, 0.00000
-3.65, 0.00000
-3.60, 0.00000
-3.55, 0.00015
-3.50, 0.00015
-3.45, 0.00015
-3.40, 0.00015
-3.35, 0.00015
-3.30, 0.00046
-3.25, 0.00046
-3.20, 0.00046
-3.15, 0.00061
-3.10, 0.00061
-3.05, 0.00061
-3.00, 0.00061
-2.95, 0.00061
-2.90, 0.00061
-2.85, 0.00061
-2.80, 0.00076
-2.75, 0.00107
-2.70, 0.00183
-2.65, 0.00229
-2.60, 0.00260
-2.55, 0.00336
-2.50, 0.00397
-2.45, 0.00474
-2.40, 0.00657
-2.35, 0.00703
-2.30, 0.00948
-2.25, 0.01192
-2.20, 0.01406
-2.15, 0.01773
-2.10, 0.02110
-2.05, 0.02568
-2.00, 0.03531
-1.95, 0.04143
-1.90, 0.05014
-1.85, 0.06161
-1.80, 0.07827
-1.75, 0.10044
-1.70, 0.12459
-1.65, 0.15272
-1.60, 0.19277
-1.55, 0.24185
-1.50, 0.30116
-1.45, 0.37515
-1.40, 0.46932
-1.35, 0.57465
-1.30, 0.70383
-1.25, 0.85471
-1.20, 1.04000
-1.15, 1.25417
-1.10, 1.50320
-1.05, 1.80192
-1.00, 2.13992
-0.95, 2.52546
-0.90, 2.95657
-0.85, 3.43032
-0.80, 3.96843
-0.75, 4.55746
-0.70, 5.17965
-0.65, 5.84618
-0.60, 6.50980
-0.55, 7.18443
-0.50, 7.85692
-0.45, 8.51534
-0.40, 9.18202
-0.35, 9.85206
-0.30, 10.51034
-0.25, 11.18756
-0.20, 11.85394
-0.15, 12.54172
-0.10, 13.23255
-0.05, 13.89128
0.00, 14.53961
0.05, 15.20951
0.10, 15.86885
0.15, 16.53599
0.20, 17.16399
0.25, 17.78022
0.30, 18.32949
0.35, 18.82633
0.40, 19.23955
0.45, 19.55844
0.50, 19.79998
0.55, 19.95148
0.60, 20.04106
0.65, 20.08524
0.70, 20.10298
0.75, 20.10833
0.80, 20.10955
0.85, 20.10955
0.90, 20.10955
0.95, 20.10955
1.00, 20.10955
1.05, 20.10955
1.10, 20.10955
1.15, 20.10955
1.20, 20.10955
1.25, 20.10955
1.30, 20.10955
1.35, 20.10955
1.40, 20.10955
1.45, 20.10955
1.50, 20.10955
1.55, 20.10955
1.60, 20.10955
1.65, 20.10955
1.70, 20.10955
1.75, 20.10955
1.80, 20.10955
1.85, 20.10955
1.90, 20.10955
1.95, 20.10955
2.00, 20.10955
2.05, 20.10955
2.10, 20.10955
2.15, 20.10955
2.20, 20.10955
2.25, 20.10955
2.30, 20.10955
2.35, 20.10955
2.40, 20.10955
2.45, 20.10955
2.50, 20.10955
2.55, 20.10955
2.60, 20.10955
2.65, 20.10955
2.70, 20.10955
2.75, 20.10955
2.80, 20.10955
2.85, 20.10955
2.90, 20.10955
2.95, 20.10955
3.00, 20.10955
3.05, 100.00000
3.10, 100.00000
3.15, 100.00000
3.20, 100.00000
3.25, 100.00000
3.30, 100.00000
3.35, 100.00000
3.40, 100.00000
3.45, 100.00000
3.50, 100.00000
3.55, 100.00000
3.60, 100.00000
3.65, 100.00000
3.70, 100.00000
3.75, 100.00000
3.80, 100.00000
3.85, 100.00000
3.90, 100.00000
3.95, 100.00000
4.00, 100.00000
4.05, 100.00000
4.10, 100.00000
4.15, 100.00000
4.20, 100.00000
4.25, 100.00000
4.30, 100.00000
4.35, 100.00000
4.40, 100.00000
4.45, 100.00000
4.50, 100.00000
4.55, 100.00000
4.60, 100.00000
4.65, 100.00000
4.70, 100.00000
4.75, 100.00000
4.80, 100.00000
4.85, 100.00000
4.90, 100.00000
4.95, 100.00000
WFRMS, V_rate
-5.00, 0.00000
-4.95, 0.00000
-4.90, 0.00000
-4.85, 0.00000
-4.80, 0.00000
-4.75, 0.00000
-4.70, 0.00000
-4.65, 0.00000
-4.60, 0.00000
-4.55, 0.00000
-4.50, 0.00000
-4.45, 0.00000
-4.40, 0.00000
-4.35, 0.00000
-4.30, 0.00000
-4.25, 0.00000
-4.20, 0.00000
-4.15, 0.00000
-4.10, 0.00000
-4.05, 0.00000
-4.00, 0.00000
-3.95, 0.00000
-3.90, 0.00000
-3.85, 0.00000
-3.80, 0.00000
-3.75, 0.00000
-3.70, 0.00000
-3.65, 0.00000
-3.60, 0.00000
-3.55, 0.00000
-3.50, 0.00000
-3.45, 0.00000
-3.40, 0.00000
-3.35, 0.00000
-3.30, 0.00000
-3.25, 0.00000
-3.20, 0.00000
-3.15, 0.00000
-3.10, 0.00000
-3.05, 0.00015
-3.00, 0.00015
-2.95, 0.00031
-2.90, 0.00046
-2.85, 0.00061
-2.80, 0.00076
-2.75, 0.00076
-2.70, 0.00092
-2.65, 0.00122
-2.60, 0.00122
-2.55, 0.00199
-2.50, 0.00290
-2.45, 0.00352
-2.40, 0.00397
-2.35, 0.00550
-2.30, 0.00657
-2.25, 0.00734
-2.20, 0.00841
-2.15, 0.01055
-2.10, 0.01376
-2.05, 0.01620
-2.00, 0.02033
-1.95, 0.02584
-1.90, 0.03241
-1.85, 0.03975
-1.80, 0.05091
-1.75, 0.06115
-1.70, 0.07613
-1.65, 0.09799
-1.60, 0.11939
-1.55, 0.14232
-1.50, 0.17321
-1.45, 0.20852
-1.40, 0.24735
-1.35, 0.29826
-1.30, 0.35115
-1.25, 0.41689
-1.20, 0.49424
-1.15, 0.57847
-1.10, 0.67279
-1.05, 0.77094
-1.00, 0.88238
-0.95, 1.02226
-0.90, 1.16459
-0.85, 1.33122
-0.80, 1.51864
-0.75, 1.72410
-0.70, 1.93889
-0.65, 2.17630
-0.60, 2.44429
-0.55, 2.73933
-0.50, 3.04523
-0.45, 3.35969
-0.40, 3.67813
-0.35, 3.99993
-0.30, 4.33655
-0.25, 4.70085
-0.20, 5.05597
-0.15, 5.41461
-0.10, 5.78075
-0.05, 6.15529
0.00, 6.52264
0.05, 6.89534
0.10, 7.27019
0.15, 7.65191
0.20, 8.02171
0.25, 8.37745
0.30, 8.71331
0.35, 9.01967
0.40, 9.29071
0.45, 9.50963
0.50, 9.68604
0.55, 9.79214
0.60, 9.85879
0.65, 9.89655
0.70, 9.91276
0.75, 9.92086
0.80, 9.92193
0.85, 9.92193
0.90, 9.92193
0.95, 9.92193
1.00, 9.92193
1.05, 9.92193
1.10, 9.92193
1.15, 9.92193
1.20, 9.92193
1.25, 9.92193
1.30, 9.92193
1.35, 9.92193
1.40, 9.92193
1.45, 9.92193
1.50, 9.92193
1.55, 9.92193
1.60, 9.92193
1.65, 9.92193
1.70, 9.92193
1.75, 9.92193
1.80, 9.92193
1.85, 9.92193
1.90, 9.92193
1.95, 9.92193
2.00, 9.92193
2.05, 9.92193
2.10, 9.92193
2.15, 9.92193
2.20, 9.92193
2.25, 9.92193
2.30, 9.92193
2.35, 9.92193
2.40, 9.92193
2.45, 9.92193
2.50, 9.92193
2.55, 9.92193
2.60, 9.92193
2.65, 9.92193
2.70, 9.92193
2.75, 9.92193
2.80, 9.92193
2.85, 9.92193
2.90, 9.92193
2.95, 9.92193
3.00, 9.92193
3.05, 100.00000
3.10, 100.00000
3.15, 100.00000
3.20, 100.00000
3.25, 100.00000
3.30, 100.00000
3.35, 100.00000
3.40, 100.00000
3.45, 100.00000
3.50, 100.00000
3.55, 100.00000
3.60, 100.00000
3.65, 100.00000
3.70, 100.00000
3.75, 100.00000
3.80, 100.00000
3.85, 100.00000
3.90, 100.00000
3.95, 100.00000
4.00, 100.00000
4.05, 100.00000
4.10, 100.00000
4.15, 100.00000
4.20, 100.00000
4.25, 100.00000
4.30, 100.00000
4.35, 100.00000
4.40, 100.00000
4.45, 100.00000
4.50, 100.00000
4.55, 100.00000
4.60, 100.00000
4.65, 100.00000
4.70, 100.00000
4.75, 100.00000
4.80, 100.00000
4.85, 100.00000
4.90, 100.00000
4.95, 100.00000
--------------------------------------
WFRMS, H_rate
-5.00, 0.00000
-4.95, 0.00000
-4.90, 0.00000
-4.85, 0.00000
-4.80, 0.00000
-4.75, 0.00000
-4.70, 0.00000
-4.65, 0.00000
-4.60, 0.00000
-4.55, 0.00000
-4.50, 0.00000
-4.45, 0.00000
-4.40, 0.00000
-4.35, 0.00000
-4.30, 0.00000
-4.25, 0.00000
-4.20, 0.00000
-4.15, 0.00000
-4.10, 0.00000
-4.05, 0.00000
-4.00, 0.00000
-3.95, 0.00000
-3.90, 0.00000
-3.85, 0.00000
-3.80, 0.00000
-3.75, 0.00000
-3.70, 0.00000
-3.65, 0.00000
-3.60, 0.00000
-3.55, 0.00015
-3.50, 0.00015
-3.45, 0.00015
-3.40, 0.00015
-3.35, 0.00015
-3.30, 0.00046
-3.25, 0.00046
-3.20, 0.00046
-3.15, 0.00061
-3.10, 0.00061
-3.05, 0.00061
-3.00, 0.00061
-2.95, 0.00061
-2.90, 0.00061
-2.85, 0.00061
-2.80, 0.00076
-2.75, 0.00107
-2.70, 0.00183
-2.65, 0.00229
-2.60, 0.00260
-2.55, 0.00336
-2.50, 0.00397
-2.45, 0.00474
-2.40, 0.00657
-2.35, 0.00703
-2.30, 0.00948
-2.25, 0.01192
-2.20, 0.01406
-2.15, 0.01773
-2.10, 0.02110
-2.05, 0.02568
-2.00, 0.03531
-1.95, 0.04143
-1.90, 0.05014
-1.85, 0.06161
-1.80, 0.07827
-1.75, 0.10044
-1.70, 0.12459
-1.65, 0.15272
-1.60, 0.19277
-1.55, 0.24185
-1.50, 0.30116
-1.45, 0.37515
-1.40, 0.46932
-1.35, 0.57465
-1.30, 0.70383
-1.25, 0.85471
-1.20, 1.04000
-1.15, 1.25417
-1.10, 1.50320
-1.05, 1.80192
-1.00, 2.13992
-0.95, 2.52546
-0.90, 2.95657
-0.85, 3.43032
-0.80, 3.96843
-0.75, 4.55746
-0.70, 5.17965
-0.65, 5.84618
-0.60, 6.50980
-0.55, 7.18443
-0.50, 7.85692
-0.45, 8.51534
-0.40, 9.18202
-0.35, 9.85206
-0.30, 10.51034
-0.25, 11.18756
-0.20, 11.85394
-0.15, 12.54172
-0.10, 13.23255
-0.05, 13.89128
0.00, 14.53961
0.05, 15.20951
0.10, 15.86885
0.15, 16.53599
0.20, 17.16399
0.25, 17.78022
0.30, 18.32949
0.35, 18.82633
0.40, 19.23955
0.45, 19.55844
0.50, 19.79998
0.55, 19.95148
0.60, 20.04106
0.65, 20.08524
0.70, 20.10298
0.75, 20.10833
0.80, 20.10955
0.85, 20.10955
0.90, 20.10955
0.95, 20.10955
1.00, 20.10955
1.05, 20.10955
1.10, 20.10955
1.15, 20.10955
1.20, 20.10955
1.25, 20.10955
1.30, 20.10955
1.35, 20.10955
1.40, 20.10955
1.45, 20.10955
1.50, 20.10955
1.55, 20.10955
1.60, 20.10955
1.65, 20.10955
1.70, 20.10955
1.75, 20.10955
1.80, 20.10955
1.85, 20.10955
1.90, 20.10955
1.95, 20.10955
2.00, 20.10955
2.05, 20.10955
2.10, 20.10955
2.15, 20.10955
2.20, 20.10955
2.25, 20.10955
2.30, 20.10955
2.35, 20.10955
2.40, 20.10955
2.45, 20.10955
2.50, 20.10955
2.55, 20.10955
2.60, 20.10955
2.65, 20.10955
2.70, 20.10955
2.75, 20.10955
2.80, 20.10955
2.85, 20.10955
2.90, 20.10955
2.95, 20.10955
3.00, 20.10955
3.05, 100.00000
3.10, 100.00000
3.15, 100.00000
3.20, 100.00000
3.25, 100.00000
3.30, 100.00000
3.35, 100.00000
3.40, 100.00000
3.45, 100.00000
3.50, 100.00000
3.55, 100.00000
3.60, 100.00000
3.65, 100.00000
3.70, 100.00000
3.75, 100.00000
3.80, 100.00000
3.85, 100.00000
3.90, 100.00000
3.95, 100.00000
4.00, 100.00000
4.05, 100.00000
4.10, 100.00000
4.15, 100.00000
4.20, 100.00000
4.25, 100.00000
4.30, 100.00000
4.35, 100.00000
4.40, 100.00000
4.45, 100.00000
4.50, 100.00000
4.55, 100.00000
4.60, 100.00000
4.65, 100.00000
4.70, 100.00000
4.75, 100.00000
4.80, 100.00000
4.85, 100.00000
4.90, 100.00000
4.95, 100.00000
