WFRMS, V_rate
-5.00, 0.00000
-4.95, 0.00000
-4.90, 0.00000
-4.85, 0.00000
-4.80, 0.00000
-4.75, 0.00000
-4.70, 0.00000
-4.65, 0.00000
-4.60, 0.00000
-4.55, 0.00000
-4.50, 0.00000
-4.45, 0.00000
-4.40, 0.00000
-4.35, 0.00000
-4.30, 0.00000
-4.25, 0.00000
-4.20, 0.00000
-4.15, 0.00000
-4.10, 0.00000
-4.05, 0.00000
-4.00, 0.00000
-3.95, 0.00000
-3.90, 0.00000
-3.85, 0.00000
-3.80, 0.00000
-3.75, 0.00000
-3.70, 0.00000
-3.65, 0.00000
-3.60, 0.00000
-3.55, 0.00000
-3.50, 0.00000
-3.45, 0.00000
-3.40, 0.00000
-3.35, 0.00000
-3.30, 0.00000
-3.25, 0.00000
-3.20, 0.00013
-3.15, 0.00013
-3.10, 0.00013
-3.05, 0.00013
-3.00, 0.00026
-2.95, 0.00026
-2.90, 0.00038
-2.85, 0.00038
-2.80, 0.00051
-2.75, 0.00051
-2.70, 0.00064
-2.65, 0.00102
-2.60, 0.00128
-2.55, 0.00153
-2.50, 0.00191
-2.45, 0.00281
-2.40, 0.00319
-2.35, 0.00408
-2.30, 0.00472
-2.25, 0.00574
-2.20, 0.00752
-2.15, 0.00880
-2.10, 0.01084
-2.05, 0.01339
-2.00, 0.01670
-1.95, 0.01925
-1.90, 0.02308
-1.85, 0.02805
-1.80, 0.03736
-1.75, 0.04616
-1.70, 0.05853
-1.65, 0.07396
-1.60, 0.09066
-1.55, 0.11412
-1.50, 0.14179
-1.45, 0.16717
-1.40, 0.20198
-1.35, 0.24189
-1.30, 0.29136
-1.25, 0.34900
-1.20, 0.40842
-1.15, 0.47396
-1.10, 0.55416
-1.05, 0.64584
-1.00, 0.74874
-0.95, 0.86834
-0.90, 1.00045
-0.85, 1.14211
-0.80, 1.30226
-0.75, 1.48792
-0.70, 1.69576
-0.65, 1.91265
-0.60, 2.15161
-0.55, 2.41045
-0.50, 2.68154
-0.45, 2.96181
-0.40, 3.25916
-0.35, 3.56391
-0.30, 3.87657
-0.25, 4.20006
-0.20, 4.51934
-0.15, 4.85533
-0.10, 5.19834
-0.05, 5.53739
0.00, 5.88791
0.05, 6.24876
0.10, 6.61842
0.15, 6.98131
0.20, 7.32482
0.25, 7.66681
0.30, 7.98953
0.35, 8.27694
0.40, 8.52125
0.45, 8.72642
0.50, 8.88440
0.55, 8.99635
0.60, 9.05373
0.65, 9.08497
0.70, 9.10181
0.75, 9.10997
0.80, 9.11188
0.85, 9.11188
0.90, 9.11188
0.95, 9.11188
1.00, 9.11188
1.05, 9.11188
1.10, 9.11188
1.15, 9.11188
1.20, 9.11188
1.25, 9.11188
1.30, 9.11188
1.35, 9.11188
1.40, 9.11188
1.45, 9.11188
1.50, 9.11188
1.55, 9.11188
1.60, 9.11188
1.65, 9.11188
1.70, 9.11188
1.75, 9.11188
1.80, 9.11188
1.85, 9.11188
1.90, 9.11188
1.95, 9.11188
2.00, 9.11188
2.05, 9.11188
2.10, 9.11188
2.15, 9.11188
2.20, 9.11188
2.25, 9.11188
2.30, 9.11188
2.35, 9.11188
2.40, 9.11188
2.45, 9.11188
2.50, 9.11188
2.55, 9.11188
2.60, 9.11188
2.65, 9.11188
2.70, 9.11188
2.75, 9.11188
2.80, 9.11188
2.85, 9.11188
2.90, 9.11188
2.95, 9.11188
3.00, 9.11188
3.05, 100.00000
3.10, 100.00000
3.15, 100.00000
3.20, 100.00000
3.25, 100.00000
3.30, 100.00000
3.35, 100.00000
3.40, 100.00000
3.45, 100.00000
3.50, 100.00000
3.55, 100.00000
3.60, 100.00000
3.65, 100.00000
3.70, 100.00000
3.75, 100.00000
3.80, 100.00000
3.85, 100.00000
3.90, 100.00000
3.95, 100.00000
4.00, 100.00000
4.05, 100.00000
4.10, 100.00000
4.15, 100.00000
4.20, 100.00000
4.25, 100.00000
4.30, 100.00000
4.35, 100.00000
4.40, 100.00000
4.45, 100.00000
4.50, 100.00000
4.55, 100.00000
4.60, 100.00000
4.65, 100.00000
4.70, 100.00000
4.75, 100.00000
4.80, 100.00000
4.85, 100.00000
4.90, 100.00000
4.95, 100.00000
--------------------------------------
WFRMS, H_rate
-5.00, 0.00000
-4.95, 0.00000
-4.90, 0.00000
-4.85, 0.00000
-4.80, 0.00000
-4.75, 0.00000
-4.70, 0.00000
-4.65, 0.00000
-4.60, 0.00000
-4.55, 0.00000
-4.50, 0.00000
-4.45, 0.00000
-4.40, 0.00000
-4.35, 0.00000
-4.30, 0.00000
-4.25, 0.00000
-4.20, 0.00000
-4.15, 0.00000
-4.10, 0.00000
-4.05, 0.00000
-4.00, 0.00000
-3.95, 0.00000
-3.90, 0.00000
-3.85, 0.00000
-3.80, 0.00000
-3.75, 0.00000
-3.70, 0.00000
-3.65, 0.00000
-3.60, 0.00000
-3.55, 0.00000
-3.50, 0.00000
-3.45, 0.00000
-3.40, 0.00000
-3.35, 0.00000
-3.30, 0.00000
-3.25, 0.00000
-3.20, 0.00013
-3.15, 0.00013
-3.10, 0.00013
-3.05, 0.00013
-3.00, 0.00013
-2.95, 0.00013
-2.90, 0.00013
-2.85, 0.00026
-2.80, 0.00026
-2.75, 0.00026
-2.70, 0.00038
-2.65, 0.00051
-2.60, 0.00051
-2.55, 0.00051
-2.50, 0.00064
-2.45, 0.00089
-2.40, 0.00115
-2.35, 0.00140
-2.30, 0.00140
-2.25, 0.00166
-2.20, 0.00191
-2.15, 0.00242
-2.10, 0.00293
-2.05, 0.00357
-2.00, 0.00421
-1.95, 0.00587
-1.90, 0.00740
-1.85, 0.00893
-1.80, 0.01020
-1.75, 0.01211
-1.70, 0.01581
-1.65, 0.02117
-1.60, 0.02690
-1.55, 0.03315
-1.50, 0.04131
-1.45, 0.05126
-1.40, 0.06439
-1.35, 0.08097
-1.30, 0.09908
-1.25, 0.12266
-1.20, 0.15161
-1.15, 0.18247
-1.10, 0.22200
-1.05, 0.26267
-1.00, 0.31278
-0.95, 0.36685
-0.90, 0.43532
-0.85, 0.51297
-0.80, 0.60159
-0.75, 0.69289
-0.70, 0.80382
-0.65, 0.92509
-0.60, 1.05209
-0.55, 1.18138
-0.50, 1.31986
-0.45, 1.46649
-0.40, 1.62308
-0.35, 1.77545
-0.30, 1.93089
-0.25, 2.10162
-0.20, 2.27223
-0.15, 2.45738
-0.10, 2.63793
-0.05, 2.82053
0.00, 3.00899
0.05, 3.21555
0.10, 3.41396
0.15, 3.61593
0.20, 3.81064
0.25, 4.01313
0.30, 4.19266
0.35, 4.36506
0.40, 4.51322
0.45, 4.64048
0.50, 4.73318
0.55, 4.79209
0.60, 4.82766
0.65, 4.84717
0.70, 4.85406
0.75, 4.85763
0.80, 4.85827
0.85, 4.85827
0.90, 4.85827
0.95, 4.85827
1.00, 4.85827
1.05, 4.85827
1.10, 4.85827
1.15, 4.85827
1.20, 4.85827
1.25, 4.85827
1.30, 4.85827
1.35, 4.85827
1.40, 4.85827
1.45, 4.85827
1.50, 4.85827
1.55, 4.85827
1.60, 4.85827
1.65, 4.85827
1.70, 4.85827
1.75, 4.85827
1.80, 4.85827
1.85, 4.85827
1.90, 4.85827
1.95, 4.85827
2.00, 4.85827
2.05, 4.85827
2.10, 4.85827
2.15, 4.85827
2.20, 4.85827
2.25, 4.85827
2.30, 4.85827
2.35, 4.85827
2.40, 4.85827
2.45, 4.85827
2.50, 4.85827
2.55, 4.85827
2.60, 4.85827
2.65, 4.85827
2.70, 4.85827
2.75, 4.85827
2.80, 4.85827
2.85, 4.85827
2.90, 4.85827
2.95, 4.85827
3.00, 4.85827
3.05, 100.00000
3.10, 100.00000
3.15, 100.00000
3.20, 100.00000
3.25, 100.00000
3.30, 100.00000
3.35, 100.00000
3.40, 100.00000
3.45, 100.00000
3.50, 100.00000
3.55, 100.00000
3.60, 100.00000
3.65, 100.00000
3.70, 100.00000
3.75, 100.00000
3.80, 100.00000
3.85, 100.00000
3.90, 100.00000
3.95, 100.00000
4.00, 100.00000
4.05, 100.00000
4.10, 100.00000
4.15, 100.00000
4.20, 100.00000
4.25, 100.00000
4.30, 100.00000
4.35, 100.00000
4.40, 100.00000
4.45, 100.00000
4.50, 100.00000
4.55, 100.00000
4.60, 100.00000
4.65, 100.00000
4.70, 100.00000
4.75, 100.00000
4.80, 100.00000
4.85, 100.00000
4.90, 100.00000
4.95, 100.00000
WFRMS, V_rate
-5.00, 0.00000
-4.95, 0.00000
-4.90, 0.00000
-4.85, 0.00000
-4.80, 0.00000
-4.75, 0.00000
-4.70, 0.00000
-4.65, 0.00000
-4.60, 0.00000
-4.55, 0.00000
-4.50, 0.00000
-4.45, 0.00000
-4.40, 0.00000
-4.35, 0.00000
-4.30, 0.00000
-4.25, 0.00000
-4.20, 0.00000
-4.15, 0.00000
-4.10, 0.00013
-4.05, 0.00013
-4.00, 0.00013
-3.95, 0.00013
-3.90, 0.00013
-3.85, 0.00013
-3.80, 0.00013
-3.75, 0.00013
-3.70, 0.00013
-3.65, 0.00013
-3.60, 0.00013
-3.55, 0.00013
-3.50, 0.00013
-3.45, 0.00013
-3.40, 0.00038
-3.35, 0.00038
-3.30, 0.00038
-3.25, 0.00038
-3.20, 0.00051
-3.15, 0.00128
-3.10, 0.00204
-3.05, 0.00242
-3.00, 0.00319
-2.95, 0.00383
-2.90, 0.00472
-2.85, 0.00561
-2.80, 0.00689
-2.75, 0.00905
-2.70, 0.01122
-2.65, 0.01390
-2.60, 0.01772
-2.55, 0.02244
-2.50, 0.02920
-2.45, 0.03596
-2.40, 0.04590
-2.35, 0.05674
-2.30, 0.07090
-2.25, 0.09334
-2.20, 0.11578
-2.15, 0.14740
-2.10, 0.18616
-2.05, 0.23628
-2.00, 0.29187
-1.95, 0.36417
-1.90, 0.44960
-1.85, 0.56564
-1.80, 0.70054
-1.75, 0.87026
-1.70, 1.07453
-1.65, 1.31501
-1.60, 1.59056
-1.55, 1.92464
-1.50, 2.32936
-1.45, 2.80739
-1.40, 3.35760
-1.35, 3.97870
-1.30, 4.67644
-1.25, 5.43295
-1.20, 6.28192
-1.15, 7.20216
-1.10, 8.17697
-1.05, 9.19616
-1.00, 10.29288
-0.95, 11.42721
-0.90, 12.58475
-0.85, 13.78640
-0.80, 15.00833
-0.75, 16.24467
-0.70, 17.47642
-0.65, 18.70842
-0.60, 19.89784
-0.55, 21.06902
-0.50, 22.18575
-0.45, 23.23453
-0.40, 24.22872
-0.35, 25.17829
-0.30, 26.09381
-0.25, 26.95056
-0.20, 27.78702
-0.15, 28.59276
-0.10, 29.33742
-0.05, 30.06869
0.00, 30.76949
0.05, 31.44771
0.10, 32.10516
0.15, 32.72473
0.20, 33.31344
0.25, 33.83891
0.30, 34.33097
0.35, 34.74525
0.40, 35.08469
0.45, 35.35220
0.50, 35.54602
0.55, 35.67187
0.60, 35.74442
0.65, 35.77579
0.70, 35.79045
0.75, 35.79696
0.80, 35.79823
0.85, 35.79823
0.90, 35.79823
0.95, 35.79823
1.00, 35.79823
1.05, 35.79823
1.10, 35.79823
1.15, 35.79823
1.20, 35.79823
1.25, 35.79823
1.30, 35.79823
1.35, 35.79823
1.40, 35.79823
1.45, 35.79823
1.50, 35.79823
1.55, 35.79823
1.60, 35.79823
1.65, 35.79823
1.70, 35.79823
1.75, 35.79823
1.80, 35.79823
1.85, 35.79823
1.90, 35.79823
1.95, 35.79823
2.00, 35.79823
2.05, 35.79823
2.10, 35.79823
2.15, 35.79823
2.20, 35.79823
2.25, 35.79823
2.30, 35.79823
2.35, 35.79823
2.40, 35.79823
2.45, 35.79823
2.50, 35.79823
2.55, 35.79823
2.60, 35.79823
2.65, 35.79823
2.70, 35.79823
2.75, 35.79823
2.80, 35.79823
2.85, 35.79823
2.90, 35.79823
2.95, 35.79823
3.00, 35.79823
3.05, 100.00000
3.10, 100.00000
3.15, 100.00000
3.20, 100.00000
3.25, 100.00000
3.30, 100.00000
3.35, 100.00000
3.40, 100.00000
3.45, 100.00000
3.50, 100.00000
3.55, 100.00000
3.60, 100.00000
3.65, 100.00000
3.70, 100.00000
3.75, 100.00000
3.80, 100.00000
3.85, 100.00000
3.90, 100.00000
3.95, 100.00000
4.00, 100.00000
4.05, 100.00000
4.10, 100.00000
4.15, 100.00000
4.20, 100.00000
4.25, 100.00000
4.30, 100.00000
4.35, 100.00000
4.40, 100.00000
4.45, 100.00000
4.50, 100.00000
4.55, 100.00000
4.60, 100.00000
4.65, 100.00000
4.70, 100.00000
4.75, 100.00000
4.80, 100.00000
4.85, 100.00000
4.90, 100.00000
4.95, 100.00000
--------------------------------------
WFRMS, H_rate
-5.00, 0.00000
-4.95, 0.00000
-4.90, 0.00000
-4.85, 0.00000
-4.80, 0.00000
-4.75, 0.00000
-4.70, 0.00000
-4.65, 0.00000
-4.60, 0.00000
-4.55, 0.00000
-4.50, 0.00000
-4.45, 0.00000
-4.40, 0.00000
-4.35, 0.00000
-4.30, 0.00000
-4.25, 0.00000
-4.20, 0.00000
-4.15, 0.00000
-4.10, 0.00000
-4.05, 0.00000
-4.00, 0.00000
-3.95, 0.00000
-3.90, 0.00000
-3.85, 0.00000
-3.80, 0.00000
-3.75, 0.00000
-3.70, 0.00013
-3.65, 0.00013
-3.60, 0.00013
-3.55, 0.00013
-3.50, 0.00026
-3.45, 0.00051
-3.40, 0.00051
-3.35, 0.00064
-3.30, 0.00064
-3.25, 0.00077
-3.20, 0.00089
-3.15, 0.00089
-3.10, 0.00115
-3.05, 0.00179
-3.00, 0.00230
-2.95, 0.00255
-2.90, 0.00370
-2.85, 0.00459
-2.80, 0.00523
-2.75, 0.00612
-2.70, 0.00765
-2.65, 0.01033
-2.60, 0.01313
-2.55, 0.01556
-2.50, 0.01938
-2.45, 0.02359
-2.40, 0.02882
-2.35, 0.03570
-2.30, 0.04578
-2.25, 0.05661
-2.20, 0.07153
-2.15, 0.09219
-2.10, 0.11540
-2.05, 0.14268
-2.00, 0.18183
-1.95, 0.22710
-1.90, 0.28473
-1.85, 0.35830
-1.80, 0.45164
-1.75, 0.56678
-1.70, 0.71355
-1.65, 0.88620
-1.60, 1.09212
-1.55, 1.35301
-1.50, 1.65827
-1.45, 2.02563
-1.40, 2.44883
-1.35, 2.95033
-1.30, 3.52770
-1.25, 4.15836
-1.20, 4.87204
-1.15, 5.64207
-1.10, 6.48313
-1.05, 7.35351
-1.00, 8.25539
-0.95, 9.16696
-0.90, 10.08529
-0.85, 10.99648
-0.80, 11.90601
-0.75, 12.77945
-0.70, 13.66565
-0.65, 14.50735
-0.60, 15.29536
-0.55, 16.05889
-0.50, 16.75726
-0.45, 17.39838
-0.40, 18.01018
-0.35, 18.62337
-0.30, 19.18442
-0.25, 19.73781
-0.20, 20.26201
-0.15, 20.78072
-0.10, 21.26921
-0.05, 21.73768
0.00, 22.20501
0.05, 22.65168
0.10, 23.08355
0.15, 23.50102
0.20, 23.89426
0.25, 24.27399
0.30, 24.61674
0.35, 24.90465
0.40, 25.14450
0.45, 25.33373
0.50, 25.46876
0.55, 25.55521
0.60, 25.60418
0.65, 25.63006
0.70, 25.63988
0.75, 25.64460
0.80, 25.64511
0.85, 25.64511
0.90, 25.64511
0.95, 25.64511
1.00, 25.64511
1.05, 25.64511
1.10, 25.64511
1.15, 25.64511
1.20, 25.64511
1.25, 25.64511
1.30, 25.64511
1.35, 25.64511
1.40, 25.64511
1.45, 25.64511
1.50, 25.64511
1.55, 25.64511
1.60, 25.64511
1.65, 25.64511
1.70, 25.64511
1.75, 25.64511
1.80, 25.64511
1.85, 25.64511
1.90, 25.64511
1.95, 25.64511
2.00, 25.64511
2.05, 25.64511
2.10, 25.64511
2.15, 25.64511
2.20, 25.64511
2.25, 25.64511
2.30, 25.64511
2.35, 25.64511
2.40, 25.64511
2.45, 25.64511
2.50, 25.64511
2.55, 25.64511
2.60, 25.64511
2.65, 25.64511
2.70, 25.64511
2.75, 25.64511
2.80, 25.64511
2.85, 25.64511
2.90, 25.64511
2.95, 25.64511
3.00, 25.64511
3.05, 100.00000
3.10, 100.00000
3.15, 100.00000
3.20, 100.00000
3.25, 100.00000
3.30, 100.00000
3.35, 100.00000
3.40, 100.00000
3.45, 100.00000
3.50, 100.00000
3.55, 100.00000
3.60, 100.00000
3.65, 100.00000
3.70, 100.00000
3.75, 100.00000
3.80, 100.00000
3.85, 100.00000
3.90, 100.00000
3.95, 100.00000
4.00, 100.00000
4.05, 100.00000
4.10, 100.00000
4.15, 100.00000
4.20, 100.00000
4.25, 100.00000
4.30, 100.00000
4.35, 100.00000
4.40, 100.00000
4.45, 100.00000
4.50, 100.00000
4.55, 100.00000
4.60, 100.00000
4.65, 100.00000
4.70, 100.00000
4.75, 100.00000
4.80, 100.00000
4.85, 100.00000
4.90, 100.00000
4.95, 100.00000
WFRMS, V_rate
-5.00, 0.00000
-4.95, 0.00000
-4.90, 0.00000
-4.85, 0.00000
-4.80, 0.00000
-4.75, 0.00000
-4.70, 0.00000
-4.65, 0.00000
-4.60, 0.00000
-4.55, 0.00000
-4.50, 0.00000
-4.45, 0.00000
-4.40, 0.00000
-4.35, 0.00000
-4.30, 0.00000
-4.25, 0.00000
-4.20, 0.00000
-4.15, 0.00000
-4.10, 0.00000
-4.05, 0.00000
-4.00, 0.00000
-3.95, 0.00000
-3.90, 0.00000
-3.85, 0.00000
-3.80, 0.00000
-3.75, 0.00000
-3.70, 0.00000
-3.65, 0.00000
-3.60, 0.00000
-3.55, 0.00000
-3.50, 0.00000
-3.45, 0.00000
-3.40, 0.00000
-3.35, 0.00000
-3.30, 0.00000
-3.25, 0.00000
-3.20, 0.00013
-3.15, 0.00013
-3.10, 0.00013
-3.05, 0.00013
-3.00, 0.00026
-2.95, 0.00026
-2.90, 0.00038
-2.85, 0.00038
-2.80, 0.00051
-2.75, 0.00051
-2.70, 0.00064
-2.65, 0.00102
-2.60, 0.00128
-2.55, 0.00153
-2.50, 0.00191
-2.45, 0.00281
-2.40, 0.00319
-2.35, 0.00408
-2.30, 0.00472
-2.25, 0.00574
-2.20, 0.00752
-2.15, 0.00880
-2.10, 0.01084
-2.05, 0.01339
-2.00, 0.01670
-1.95, 0.01925
-1.90, 0.02308
-1.85, 0.02805
-1.80, 0.03736
-1.75, 0.04616
-1.70, 0.05853
-1.65, 0.07396
-1.60, 0.09066
-1.55, 0.11412
-1.50, 0.14179
-1.45, 0.16717
-1.40, 0.20198
-1.35, 0.24189
-1.30, 0.29136
-1.25, 0.34900
-1.20, 0.40842
-1.15, 0.47396
-1.10, 0.55416
-1.05, 0.64584
-1.00, 0.74874
-0.95, 0.86834
-0.90, 1.00045
-0.85, 1.14211
-0.80, 1.30226
-0.75, 1.48792
-0.70, 1.69576
-0.65, 1.91265
-0.60, 2.15161
-0.55, 2.41045
-0.50, 2.68154
-0.45, 2.96181
-0.40, 3.25916
-0.35, 3.56391
-0.30, 3.87657
-0.25, 4.20006
-0.20, 4.51934
-0.15, 4.85533
-0.10, 5.19834
-0.05, 5.53739
0.00, 5.88791
0.05, 6.24876
0.10, 6.61842
0.15, 6.98131
0.20, 7.32482
0.25, 7.66681
0.30, 7.98953
0.35, 8.27694
0.40, 8.52125
0.45, 8.72642
0.50, 8.88440
0.55, 8.99635
0.60, 9.05373
0.65, 9.08497
0.70, 9.10181
0.75, 9.10997
0.80, 9.11188
0.85, 9.11188
0.90, 9.11188
0.95, 9.11188
1.00, 9.11188
1.05, 9.11188
1.10, 9.11188
1.15, 9.11188
1.20, 9.11188
1.25, 9.11188
1.30, 9.11188
1.35, 9.11188
1.40, 9.11188
1.45, 9.11188
1.50, 9.11188
1.55, 9.11188
1.60, 9.11188
1.65, 9.11188
1.70, 9.11188
1.75, 9.11188
1.80, 9.11188
1.85, 9.11188
1.90, 9.11188
1.95, 9.11188
2.00, 9.11188
2.05, 9.11188
2.10, 9.11188
2.15, 9.11188
2.20, 9.11188
2.25, 9.11188
2.30, 9.11188
2.35, 9.11188
2.40, 9.11188
2.45, 9.11188
2.50, 9.11188
2.55, 9.11188
2.60, 9.11188
2.65, 9.11188
2.70, 9.11188
2.75, 9.11188
2.80, 9.11188
2.85, 9.11188
2.90, 9.11188
2.95, 9.11188
3.00, 9.11188
3.05, 100.00000
3.10, 100.00000
3.15, 100.00000
3.20, 100.00000
3.25, 100.00000
3.30, 100.00000
3.35, 100.00000
3.40, 100.00000
3.45, 100.00000
3.50, 100.00000
3.55, 100.00000
3.60, 100.00000
3.65, 100.00000
3.70, 100.00000
3.75, 100.00000
3.80, 100.00000
3.85, 100.00000
3.90, 100.00000
3.95, 100.00000
4.00, 100.00000
4.05, 100.00000
4.10, 100.00000
4.15, 100.00000
4.20, 100.00000
4.25, 100.00000
4.30, 100.00000
4.35, 100.00000
4.40, 100.00000
4.45, 100.00000
4.50, 100.00000
4.55, 100.00000
4.60, 100.00000
4.65, 100.00000
4.70, 100.00000
4.75, 100.00000
4.80, 100.00000
4.85, 100.00000
4.90, 100.00000
4.95, 100.00000
--------------------------------------
WFRMS, H_rate
-5.00, 0.00000
-4.95, 0.00000
-4.90, 0.00000
-4.85, 0.00000
-4.80, 0.00000
-4.75, 0.00000
-4.70, 0.00000
-4.65, 0.00000
-4.60, 0.00000
-4.55, 0.00000
-4.50, 0.00000
-4.45, 0.00000
-4.40, 0.00000
-4.35, 0.00000
-4.30, 0.00000
-4.25, 0.00000
-4.20, 0.00000
-4.15, 0.00000
-4.10, 0.00000
-4.05, 0.00000
-4.00, 0.00000
-3.95, 0.00000
-3.90, 0.00000
-3.85, 0.00000
-3.80, 0.00000
-3.75, 0.00000
-3.70, 0.00000
-3.65, 0.00000
-3.60, 0.00000
-3.55, 0.00000
-3.50, 0.00000
-3.45, 0.00000
-3.40, 0.00000
-3.35, 0.00000
-3.30, 0.00000
-3.25, 0.00000
-3.20, 0.00013
-3.15, 0.00013
-3.10, 0.00013
-3.05, 0.00013
-3.00, 0.00013
-2.95, 0.00013
-2.90, 0.00013
-2.85, 0.00026
-2.80, 0.00026
-2.75, 0.00026
-2.70, 0.00038
-2.65, 0.00051
-2.60, 0.00051
-2.55, 0.00051
-2.50, 0.00064
-2.45, 0.00089
-2.40, 0.00115
-2.35, 0.00140
-2.30, 0.00140
-2.25, 0.00166
-2.20, 0.00191
-2.15, 0.00242
-2.10, 0.00293
-2.05, 0.00357
-2.00, 0.00421
-1.95, 0.00587
-1.90, 0.00740
-1.85, 0.00893
-1.80, 0.01020
-1.75, 0.01211
-1.70, 0.01581
-1.65, 0.02117
-1.60, 0.02690
-1.55, 0.03315
-1.50, 0.04131
-1.45, 0.05126
-1.40, 0.06439
-1.35, 0.08097
-1.30, 0.09908
-1.25, 0.12266
-1.20, 0.15161
-1.15, 0.18247
-1.10, 0.22200
-1.05, 0.26267
-1.00, 0.31278
-0.95, 0.36685
-0.90, 0.43532
-0.85, 0.51297
-0.80, 0.60159
-0.75, 0.69289
-0.70, 0.80382
-0.65, 0.92509
-0.60, 1.05209
-0.55, 1.18138
-0.50, 1.31986
-0.45, 1.46649
-0.40, 1.62308
-0.35, 1.77545
-0.30, 1.93089
-0.25, 2.10162
-0.20, 2.27223
-0.15, 2.45738
-0.10, 2.63793
-0.05, 2.82053
0.00, 3.00899
0.05, 3.21555
0.10, 3.41396
0.15, 3.61593
0.20, 3.81064
0.25, 4.01313
0.30, 4.19266
0.35, 4.36506
0.40, 4.51322
0.45, 4.64048
0.50, 4.73318
0.55, 4.79209
0.60, 4.82766
0.65, 4.84717
0.70, 4.85406
0.75, 4.85763
0.80, 4.85827
0.85, 4.85827
0.90, 4.85827
0.95, 4.85827
1.00, 4.85827
1.05, 4.85827
1.10, 4.85827
1.15, 4.85827
1.20, 4.85827
1.25, 4.85827
1.30, 4.85827
1.35, 4.85827
1.40, 4.85827
1.45, 4.85827
1.50, 4.85827
1.55, 4.85827
1.60, 4.85827
1.65, 4.85827
1.70, 4.85827
1.75, 4.85827
1.80, 4.85827
1.85, 4.85827
1.90, 4.85827
1.95, 4.85827
2.00, 4.85827
2.05, 4.85827
2.10, 4.85827
2.15, 4.85827
2.20, 4.85827
2.25, 4.85827
2.30, 4.85827
2.35, 4.85827
2.40, 4.85827
2.45, 4.85827
2.50, 4.85827
2.55, 4.85827
2.60, 4.85827
2.65, 4.85827
2.70, 4.85827
2.75, 4.85827
2.80, 4.85827
2.85, 4.85827
2.90, 4.85827
2.95, 4.85827
3.00, 4.85827
3.05, 100.00000
3.10, 100.00000
3.15, 100.00000
3.20, 100.00000
3.25, 100.00000
3.30, 100.00000
3.35, 100.00000
3.40, 100.00000
3.45, 100.00000
3.50, 100.00000
3.55, 100.00000
3.60, 100.00000
3.65, 100.00000
3.70, 100.00000
3.75, 100.00000
3.80, 100.00000
3.85, 100.00000
3.90, 100.00000
3.95, 100.00000
4.00, 100.00000
4.05, 100.00000
4.10, 100.00000
4.15, 100.00000
4.20, 100.00000
4.25, 100.00000
4.30, 100.00000
4.35, 100.00000
4.40, 100.00000
4.45, 100.00000
4.50, 100.00000
4.55, 100.00000
4.60, 100.00000
4.65, 100.00000
4.70, 100.00000
4.75, 100.00000
4.80, 100.00000
4.85, 100.00000
4.90, 100.00000
4.95, 100.00000
WFRMS, V_rate
-5.00, 0.00000
-4.95, 0.00000
-4.90, 0.00000
-4.85, 0.00000
-4.80, 0.00000
-4.75, 0.00000
-4.70, 0.00000
-4.65, 0.00000
-4.60, 0.00000
-4.55, 0.00000
-4.50, 0.00000
-4.45, 0.00000
-4.40, 0.00000
-4.35, 0.00000
-4.30, 0.00000
-4.25, 0.00000
-4.20, 0.00000
-4.15, 0.00000
-4.10, 0.00000
-4.05, 0.00000
-4.00, 0.00000
-3.95, 0.00000
-3.90, 0.00000
-3.85, 0.00000
-3.80, 0.00000
-3.75, 0.00000
-3.70, 0.00000
-3.65, 0.00000
-3.60, 0.00000
-3.55, 0.00000
-3.50, 0.00000
-3.45, 0.00000
-3.40, 0.00000
-3.35, 0.00000
-3.30, 0.00000
-3.25, 0.00000
-3.20, 0.00013
-3.15, 0.00013
-3.10, 0.00013
-3.05, 0.00013
-3.00, 0.00026
-2.95, 0.00026
-2.90, 0.00038
-2.85, 0.00038
-2.80, 0.00051
-2.75, 0.00051
-2.70, 0.00064
-2.65, 0.00102
-2.60, 0.00128
-2.55, 0.00153
-2.50, 0.00191
-2.45, 0.00281
-2.40, 0.00319
-2.35, 0.00408
-2.30, 0.00472
-2.25, 0.00574
-2.20, 0.00752
-2.15, 0.00880
-2.10, 0.01084
-2.05, 0.01339
-2.00, 0.01670
-1.95, 0.01925
-1.90, 0.02308
-1.85, 0.02805
-1.80, 0.03736
-1.75, 0.04616
-1.70, 0.05853
-1.65, 0.07396
-1.60, 0.09066
-1.55, 0.11412
-1.50, 0.14179
-1.45, 0.16717
-1.40, 0.20198
-1.35, 0.24189
-1.30, 0.29136
-1.25, 0.34900
-1.20, 0.40842
-1.15, 0.47396
-1.10, 0.55416
-1.05, 0.64584
-1.00, 0.74874
-0.95, 0.86834
-0.90, 1.00045
-0.85, 1.14211
-0.80, 1.30226
-0.75, 1.48792
-0.70, 1.69576
-0.65, 1.91265
-0.60, 2.15161
-0.55, 2.41045
-0.50, 2.68154
-0.45, 2.96181
-0.40, 3.25916
-0.35, 3.56391
-0.30, 3.87657
-0.25, 4.20006
-0.20, 4.51934
-0.15, 4.85533
-0.10, 5.19834
-0.05, 5.53739
0.00, 5.88791
0.05, 6.24876
0.10, 6.61842
0.15, 6.98131
0.20, 7.32482
0.25, 7.66681
0.30, 7.98953
0.35, 8.27694
0.40, 8.52125
0.45, 8.72642
0.50, 8.88440
0.55, 8.99635
0.60, 9.05373
0.65, 9.08497
0.70, 9.10181
0.75, 9.10997
0.80, 9.11188
0.85, 9.11188
0.90, 9.11188
0.95, 9.11188
1.00, 9.11188
1.05, 9.11188
1.10, 9.11188
1.15, 9.11188
1.20, 9.11188
1.25, 9.11188
1.30, 9.11188
1.35, 9.11188
1.40, 9.11188
1.45, 9.11188
1.50, 9.11188
1.55, 9.11188
1.60, 9.11188
1.65, 9.11188
1.70, 9.11188
1.75, 9.11188
1.80, 9.11188
1.85, 9.11188
1.90, 9.11188
1.95, 9.11188
2.00, 9.11188
2.05, 9.11188
2.10, 9.11188
2.15, 9.11188
2.20, 9.11188
2.25, 9.11188
2.30, 9.11188
2.35, 9.11188
2.40, 9.11188
2.45, 9.11188
2.50, 9.11188
2.55, 9.11188
2.60, 9.11188
2.65, 9.11188
2.70, 9.11188
2.75, 9.11188
2.80, 9.11188
2.85, 9.11188
2.90, 9.11188
2.95, 9.11188
3.00, 9.11188
3.05, 100.00000
3.10, 100.00000
3.15, 100.00000
3.20, 100.00000
3.25, 100.00000
3.30, 100.00000
3.35, 100.00000
3.40, 100.00000
3.45, 100.00000
3.50, 100.00000
3.55, 100.00000
3.60, 100.00000
3.65, 100.00000
3.70, 100.00000
3.75, 100.00000
3.80, 100.00000
3.85, 100.00000
3.90, 100.00000
3.95, 100.00000
4.00, 100.00000
4.05, 100.00000
4.10, 100.00000
4.15, 100.00000
4.20, 100.00000
4.25, 100.00000
4.30, 100.00000
4.35, 100.00000
4.40, 100.00000
4.45, 100.00000
4.50, 100.00000
4.55, 100.00000
4.60, 100.00000
4.65, 100.00000
4.70, 100.00000
4.75, 100.00000
4.80, 100.00000
4.85, 100.00000
4.90, 100.00000
4.95, 100.00000
--------------------------------------
WFRMS, H_rate
-5.00, 0.00000
-4.95, 0.00000
-4.90, 0.00000
-4.85, 0.00000
-4.80, 0.00000
-4.75, 0.00000
-4.70, 0.00000
-4.65, 0.00000
-4.60, 0.00000
-4.55, 0.00000
-4.50, 0.00000
-4.45, 0.00000
-4.40, 0.00000
-4.35, 0.00000
-4.30, 0.00000
-4.25, 0.00000
-4.20, 0.00000
-4.15, 0.00000
-4.10, 0.00000
-4.05, 0.00000
-4.00, 0.00000
-3.95, 0.00000
-3.90, 0.00000
-3.85, 0.00000
-3.80, 0.00000
-3.75, 0.00000
-3.70, 0.00000
-3.65, 0.00000
-3.60, 0.00000
-3.55, 0.00000
-3.50, 0.00000
-3.45, 0.00000
-3.40, 0.00000
-3.35, 0.00000
-3.30, 0.00000
-3.25, 0.00000
-3.20, 0.00013
-3.15, 0.00013
-3.10, 0.00013
-3.05, 0.00013
-3.00, 0.00013
-2.95, 0.00013
-2.90, 0.00013
-2.85, 0.00026
-2.80, 0.00026
-2.75, 0.00026
-2.70, 0.00038
-2.65, 0.00051
-2.60, 0.00051
-2.55, 0.00051
-2.50, 0.00064
-2.45, 0.00089
-2.40, 0.00115
-2.35, 0.00140
-2.30, 0.00140
-2.25, 0.00166
-2.20, 0.00191
-2.15, 0.00242
-2.10, 0.00293
-2.05, 0.00357
-2.00, 0.00421
-1.95, 0.00587
-1.90, 0.00740
-1.85, 0.00893
-1.80, 0.01020
-1.75, 0.01211
-1.70, 0.01581
-1.65, 0.02117
-1.60, 0.02690
-1.55, 0.03315
-1.50, 0.04131
-1.45, 0.05126
-1.40, 0.06439
-1.35, 0.08097
-1.30, 0.09908
-1.25, 0.12266
-1.20, 0.15161
-1.15, 0.18247
-1.10, 0.22200
-1.05, 0.26267
-1.00, 0.31278
-0.95, 0.36685
-0.90, 0.43532
-0.85, 0.51297
-0.80, 0.60159
-0.75, 0.69289
-0.70, 0.80382
-0.65, 0.92509
-0.60, 1.05209
-0.55, 1.18138
-0.50, 1.31986
-0.45, 1.46649
-0.40, 1.62308
-0.35, 1.77545
-0.30, 1.93089
-0.25, 2.10162
-0.20, 2.27223
-0.15, 2.45738
-0.10, 2.63793
-0.05, 2.82053
0.00, 3.00899
0.05, 3.21555
0.10, 3.41396
0.15, 3.61593
0.20, 3.81064
0.25, 4.01313
0.30, 4.19266
0.35, 4.36506
0.40, 4.51322
0.45, 4.64048
0.50, 4.73318
0.55, 4.79209
0.60, 4.82766
0.65, 4.84717
0.70, 4.85406
0.75, 4.85763
0.80, 4.85827
0.85, 4.85827
0.90, 4.85827
0.95, 4.85827
1.00, 4.85827
1.05, 4.85827
1.10, 4.85827
1.15, 4.85827
1.20, 4.85827
1.25, 4.85827
1.30, 4.85827
1.35, 4.85827
1.40, 4.85827
1.45, 4.85827
1.50, 4.85827
1.55, 4.85827
1.60, 4.85827
1.65, 4.85827
1.70, 4.85827
1.75, 4.85827
1.80, 4.85827
1.85, 4.85827
1.90, 4.85827
1.95, 4.85827
2.00, 4.85827
2.05, 4.85827
2.10, 4.85827
2.15, 4.85827
2.20, 4.85827
2.25, 4.85827
2.30, 4.85827
2.35, 4.85827
2.40, 4.85827
2.45, 4.85827
2.50, 4.85827
2.55, 4.85827
2.60, 4.85827
2.65, 4.85827
2.70, 4.85827
2.75, 4.85827
2.80, 4.85827
2.85, 4.85827
2.90, 4.85827
2.95, 4.85827
3.00, 4.85827
3.05, 100.00000
3.10, 100.00000
3.15, 100.00000
3.20, 100.00000
3.25, 100.00000
3.30, 100.00000
3.35, 100.00000
3.40, 100.00000
3.45, 100.00000
3.50, 100.00000
3.55, 100.00000
3.60, 100.00000
3.65, 100.00000
3.70, 100.00000
3.75, 100.00000
3.80, 100.00000
3.85, 100.00000
3.90, 100.00000
3.95, 100.00000
4.00, 100.00000
4.05, 100.00000
4.10, 100.00000
4.15, 100.00000
4.20, 100.00000
4.25, 100.00000
4.30, 100.00000
4.35, 100.00000
4.40, 100.00000
4.45, 100.00000
4.50, 100.00000
4.55, 100.00000
4.60, 100.00000
4.65, 100.00000
4.70, 100.00000
4.75, 100.00000
4.80, 100.00000
4.85, 100.00000
4.90, 100.00000
4.95, 100.00000
WFRMS, V_rate
-5.00, 0.00000
-4.95, 0.00000
-4.90, 0.00000
-4.85, 0.00000
-4.80, 0.00000
-4.75, 0.00000
-4.70, 0.00000
-4.65, 0.00000
-4.60, 0.00000
-4.55, 0.00000
-4.50, 0.00000
-4.45, 0.00000
-4.40, 0.00000
-4.35, 0.00000
-4.30, 0.00000
-4.25, 0.00000
-4.20, 0.00000
-4.15, 0.00000
-4.10, 0.00000
-4.05, 0.00000
-4.00, 0.00000
-3.95, 0.00000
-3.90, 0.00000
-3.85, 0.00000
-3.80, 0.00000
-3.75, 0.00000
-3.70, 0.00000
-3.65, 0.00000
-3.60, 0.00000
-3.55, 0.00000
-3.50, 0.00000
-3.45, 0.00000
-3.40, 0.00000
-3.35, 0.00000
-3.30, 0.00000
-3.25, 0.00000
-3.20, 0.00013
-3.15, 0.00013
-3.10, 0.00013
-3.05, 0.00013
-3.00, 0.00026
-2.95, 0.00026
-2.90, 0.00038
-2.85, 0.00038
-2.80, 0.00051
-2.75, 0.00051
-2.70, 0.00064
-2.65, 0.00102
-2.60, 0.00128
-2.55, 0.00153
-2.50, 0.00191
-2.45, 0.00281
-2.40, 0.00319
-2.35, 0.00408
-2.30, 0.00472
-2.25, 0.00574
-2.20, 0.00752
-2.15, 0.00880
-2.10, 0.01084
-2.05, 0.01339
-2.00, 0.01670
-1.95, 0.01925
-1.90, 0.02308
-1.85, 0.02805
-1.80, 0.03736
-1.75, 0.04616
-1.70, 0.05853
-1.65, 0.07396
-1.60, 0.09066
-1.55, 0.11412
-1.50, 0.14179
-1.45, 0.16717
-1.40, 0.20198
-1.35, 0.24189
-1.30, 0.29136
-1.25, 0.34900
-1.20, 0.40842
-1.15, 0.47396
-1.10, 0.55416
-1.05, 0.64584
-1.00, 0.74874
-0.95, 0.86834
-0.90, 1.00045
-0.85, 1.14211
-0.80, 1.30226
-0.75, 1.48792
-0.70, 1.69576
-0.65, 1.91265
-0.60, 2.15161
-0.55, 2.41045
-0.50, 2.68154
-0.45, 2.96181
-0.40, 3.25916
-0.35, 3.56391
-0.30, 3.87657
-0.25, 4.20006
-0.20, 4.51934
-0.15, 4.85533
-0.10, 5.19834
-0.05, 5.53739
0.00, 5.88791
0.05, 6.24876
0.10, 6.61842
0.15, 6.98131
0.20, 7.32482
0.25, 7.66681
0.30, 7.98953
0.35, 8.27694
0.40, 8.52125
0.45, 8.72642
0.50, 8.88440
0.55, 8.99635
0.60, 9.05373
0.65, 9.08497
0.70, 9.10181
0.75, 9.10997
0.80, 9.11188
0.85, 9.11188
0.90, 9.11188
0.95, 9.11188
1.00, 9.11188
1.05, 9.11188
1.10, 9.11188
1.15, 9.11188
1.20, 9.11188
1.25, 9.11188
1.30, 9.11188
1.35, 9.11188
1.40, 9.11188
1.45, 9.11188
1.50, 9.11188
1.55, 9.11188
1.60, 9.11188
1.65, 9.11188
1.70, 9.11188
1.75, 9.11188
1.80, 9.11188
1.85, 9.11188
1.90, 9.11188
1.95, 9.11188
2.00, 9.11188
2.05, 9.11188
2.10, 9.11188
2.15, 9.11188
2.20, 9.11188
2.25, 9.11188
2.30, 9.11188
2.35, 9.11188
2.40, 9.11188
2.45, 9.11188
2.50, 9.11188
2.55, 9.11188
2.60, 9.11188
2.65, 9.11188
2.70, 9.11188
2.75, 9.11188
2.80, 9.11188
2.85, 9.11188
2.90, 9.11188
2.95, 9.11188
3.00, 9.11188
3.05, 100.00000
3.10, 100.00000
3.15, 100.00000
3.20, 100.00000
3.25, 100.00000
3.30, 100.00000
3.35, 100.00000
3.40, 100.00000
3.45, 100.00000
3.50, 100.00000
3.55, 100.00000
3.60, 100.00000
3.65, 100.00000
3.70, 100.00000
3.75, 100.00000
3.80, 100.00000
3.85, 100.00000
3.90, 100.00000
3.95, 100.00000
4.00, 100.00000
4.05, 100.00000
4.10, 100.00000
4.15, 100.00000
4.20, 100.00000
4.25, 100.00000
4.30, 100.00000
4.35, 100.00000
4.40, 100.00000
4.45, 100.00000
4.50, 100.00000
4.55, 100.00000
4.60, 100.00000
4.65, 100.00000
4.70, 100.00000
4.75, 100.00000
4.80, 100.00000
4.85, 100.00000
4.90, 100.00000
4.95, 100.00000
--------------------------------------
WFRMS, H_rate
-5.00, 0.00000
-4.95, 0.00000
-4.90, 0.00000
-4.85, 0.00000
-4.80, 0.00000
-4.75, 0.00000
-4.70, 0.00000
-4.65, 0.00000
-4.60, 0.00000
-4.55, 0.00000
-4.50, 0.00000
-4.45, 0.00000
-4.40, 0.00000
-4.35, 0.00000
-4.30, 0.00000
-4.25, 0.00000
-4.20, 0.00000
-4.15, 0.00000
-4.10, 0.00000
-4.05, 0.00000
-4.00, 0.00000
-3.95, 0.00000
-3.90, 0.00000
-3.85, 0.00000
-3.80, 0.00000
-3.75, 0.00000
-3.70, 0.00000
-3.65, 0.00000
-3.60, 0.00000
-3.55, 0.00000
-3.50, 0.00000
-3.45, 0.00000
-3.40, 0.00000
-3.35, 0.00000
-3.30, 0.00000
-3.25, 0.00000
-3.20, 0.00013
-3.15, 0.00013
-3.10, 0.00013
-3.05, 0.00013
-3.00, 0.00013
-2.95, 0.00013
-2.90, 0.00013
-2.85, 0.00026
-2.80, 0.00026
-2.75, 0.00026
-2.70, 0.00038
-2.65, 0.00051
-2.60, 0.00051
-2.55, 0.00051
-2.50, 0.00064
-2.45, 0.00089
-2.40, 0.00115
-2.35, 0.00140
-2.30, 0.00140
-2.25, 0.00166
-2.20, 0.00191
-2.15, 0.00242
-2.10, 0.00293
-2.05, 0.00357
-2.00, 0.00421
-1.95, 0.00587
-1.90, 0.00740
-1.85, 0.00893
-1.80, 0.01020
-1.75, 0.01211
-1.70, 0.01581
-1.65, 0.02117
-1.60, 0.02690
-1.55, 0.03315
-1.50, 0.04131
-1.45, 0.05126
-1.40, 0.06439
-1.35, 0.08097
-1.30, 0.09908
-1.25, 0.12266
-1.20, 0.15161
-1.15, 0.18247
-1.10, 0.22200
-1.05, 0.26267
-1.00, 0.31278
-0.95, 0.36685
-0.90, 0.43532
-0.85, 0.51297
-0.80, 0.60159
-0.75, 0.69289
-0.70, 0.80382
-0.65, 0.92509
-0.60, 1.05209
-0.55, 1.18138
-0.50, 1.31986
-0.45, 1.46649
-0.40, 1.62308
-0.35, 1.77545
-0.30, 1.93089
-0.25, 2.10162
-0.20, 2.27223
-0.15, 2.45738
-0.10, 2.63793
-0.05, 2.82053
0.00, 3.00899
0.05, 3.21555
0.10, 3.41396
0.15, 3.61593
0.20, 3.81064
0.25, 4.01313
0.30, 4.19266
0.35, 4.36506
0.40, 4.51322
0.45, 4.64048
0.50, 4.73318
0.55, 4.79209
0.60, 4.82766
0.65, 4.84717
0.70, 4.85406
0.75, 4.85763
0.80, 4.85827
0.85, 4.85827
0.90, 4.85827
0.95, 4.85827
1.00, 4.85827
1.05, 4.85827
1.10, 4.85827
1.15, 4.85827
1.20, 4.85827
1.25, 4.85827
1.30, 4.85827
1.35, 4.85827
1.40, 4.85827
1.45, 4.85827
1.50, 4.85827
1.55, 4.85827
1.60, 4.85827
1.65, 4.85827
1.70, 4.85827
1.75, 4.85827
1.80, 4.85827
1.85, 4.85827
1.90, 4.85827
1.95, 4.85827
2.00, 4.85827
2.05, 4.85827
2.10, 4.85827
2.15, 4.85827
2.20, 4.85827
2.25, 4.85827
2.30, 4.85827
2.35, 4.85827
2.40, 4.85827
2.45, 4.85827
2.50, 4.85827
2.55, 4.85827
2.60, 4.85827
2.65, 4.85827
2.70, 4.85827
2.75, 4.85827
2.80, 4.85827
2.85, 4.85827
2.90, 4.85827
2.95, 4.85827
3.00, 4.85827
3.05, 100.00000
3.10, 100.00000
3.15, 100.00000
3.20, 100.00000
3.25, 100.00000
3.30, 100.00000
3.35, 100.00000
3.40, 100.00000
3.45, 100.00000
3.50, 100.00000
3.55, 100.00000
3.60, 100.00000
3.65, 100.00000
3.70, 100.00000
3.75, 100.00000
3.80, 100.00000
3.85, 100.00000
3.90, 100.00000
3.95, 100.00000
4.00, 100.00000
4.05, 100.00000
4.10, 100.00000
4.15, 100.00000
4.20, 100.00000
4.25, 100.00000
4.30, 100.00000
4.35, 100.00000
4.40, 100.00000
4.45, 100.00000
4.50, 100.00000
4.55, 100.00000
4.60, 100.00000
4.65, 100.00000
4.70, 100.00000
4.75, 100.00000
4.80, 100.00000
4.85, 100.00000
4.90, 100.00000
4.95, 100.00000
WFRMS, V_rate
-5.00, 0.00000
-4.95, 0.00000
-4.90, 0.00000
-4.85, 0.00000
-4.80, 0.00000
-4.75, 0.00000
-4.70, 0.00000
-4.65, 0.00000
-4.60, 0.00000
-4.55, 0.00000
-4.50, 0.00000
-4.45, 0.00000
-4.40, 0.00000
-4.35, 0.00000
-4.30, 0.00000
-4.25, 0.00000
-4.20, 0.00000
-4.15, 0.00000
-4.10, 0.00001
-4.05, 0.00208
-4.00, 0.00208
-3.95, 0.01865
-3.90, 0.02695
-3.85, 0.03522
-3.80, 0.04348
-3.75, 0.04348
-3.70, 0.05181
-3.65, 0.05994
-3.60, 0.08477
-3.55, 0.08477
-3.50, 0.12614
-3.45, 0.16748
-3.40, 0.23361
-3.35, 0.31564
-3.30, 0.40668
-3.25, 0.51300
-3.20, 0.70189
-3.15, 0.82654
-3.10, 1.03262
-3.05, 1.34641
-3.00, 1.60066
-2.95, 2.01235
-2.90, 2.36656
-2.85, 2.86893
-2.80, 3.54406
-2.75, 4.41650
-2.70, 5.26469
-2.65, 6.15176
-2.60, 7.45840
-2.55, 8.99536
-2.50, 10.47939
-2.45, 12.53593
-2.40, 14.94939
-2.35, 17.36227
-2.30, 19.87861
-2.25, 22.80861
-2.20, 26.58464
-2.15, 30.40644
-2.10, 34.30332
-2.05, 38.38239
-2.00, 43.28090
-1.95, 48.15594
-1.90, 52.74034
-1.85, 57.17631
-1.80, 60.55856
-1.75, 64.13210
-1.70, 67.13088
-1.65, 69.40442
-1.60, 71.21296
-1.55, 72.29952
-1.50, 72.99041
-1.45, 73.55591
-1.40, 74.01464
-1.35, 74.36360
-1.30, 74.72392
-1.25, 75.03759
-1.20, 75.40631
-1.15, 75.71739
-1.10, 76.10267
-1.05, 76.39688
-1.00, 76.71602
-0.95, 76.90485
-0.90, 77.04176
-0.85, 77.10817
-0.80, 77.20566
-0.75, 77.28585
-0.70, 77.35149
-0.65, 77.41654
-0.60, 77.46613
-0.55, 77.49030
-0.50, 77.52357
-0.45, 77.54050
-0.40, 77.60143
-0.35, 77.65957
-0.30, 77.71518
-0.25, 77.74793
-0.20, 77.79036
-0.15, 77.82337
-0.10, 77.85014
-0.05, 77.87541
0.00, 77.92439
0.05, 77.96771
0.10, 77.99903
0.15, 78.05450
0.20, 78.05455
0.25, 78.06463
0.30, 78.08939
0.35, 78.09776
0.40, 78.09901
0.45, 78.09901
0.50, 78.09902
0.55, 78.09902
0.60, 78.09902
0.65, 78.09902
0.70, 78.09902
0.75, 78.09902
0.80, 78.09902
0.85, 78.09902
0.90, 78.09902
0.95, 78.09902
1.00, 78.09902
1.05, 78.09902
1.10, 78.09902
1.15, 78.09902
1.20, 78.09902
1.25, 78.09902
1.30, 78.09902
1.35, 78.09902
1.40, 78.09902
1.45, 78.09902
1.50, 78.09902
1.55, 78.09902
1.60, 78.09902
1.65, 78.09902
1.70, 78.09902
1.75, 78.09902
1.80, 78.09902
1.85, 78.09902
1.90, 78.09902
1.95, 78.09902
2.00, 78.09902
2.05, 78.09902
2.10, 78.09902
2.15, 78.09902
2.20, 78.09902
2.25, 78.09902
2.30, 78.09902
2.35, 78.09902
2.40, 78.09902
2.45, 78.09902
2.50, 78.09902
2.55, 78.09902
2.60, 78.09902
2.65, 78.09902
2.70, 78.09902
2.75, 78.09902
2.80, 78.09902
2.85, 78.09902
2.90, 78.09902
2.95, 78.09902
3.00, 78.09902
3.05, 100.00661
3.10, 100.00661
3.15, 100.00661
3.20, 100.00661
3.25, 100.00661
3.30, 100.00661
3.35, 100.00661
3.40, 100.00661
3.45, 100.00661
3.50, 100.00661
3.55, 100.00661
3.60, 100.00661
3.65, 100.00661
3.70, 100.00661
3.75, 100.00661
3.80, 100.00661
3.85, 100.00661
3.90, 100.00661
3.95, 100.00661
4.00, 100.00661
4.05, 100.00661
4.10, 100.00661
4.15, 100.00661
4.20, 100.00661
4.25, 100.00661
4.30, 100.00661
4.35, 100.00661
4.40, 100.00661
4.45, 100.00661
4.50, 100.00661
4.55, 100.00661
4.60, 100.00661
4.65, 100.00661
4.70, 100.00661
4.75, 100.00661
4.80, 100.00661
4.85, 100.00661
4.90, 100.00661
4.95, 100.00661
--------------------------------------
WFRMS, H_rate
-5.00, 0.03633
-4.95, 0.03633
-4.90, 0.03633
-4.85, 0.03633
-4.80, 0.03633
-4.75, 0.03633
-4.70, 0.03633
-4.65, 0.03633
-4.60, 0.03633
-4.55, 0.03633
-4.50, 0.03633
-4.45, 0.03633
-4.40, 0.03633
-4.35, 0.03633
-4.30, 0.03633
-4.25, 0.03633
-4.20, 0.03633
-4.15, 0.03633
-4.10, 0.03633
-4.05, 0.03633
-4.00, 0.04321
-3.95, 0.05159
-3.90, 0.05159
-3.85, 0.05224
-3.80, 0.05224
-3.75, 0.05224
-3.70, 0.05224
-3.65, 0.05224
-3.60, 0.05224
-3.55, 0.05224
-3.50, 0.05224
-3.45, 0.05984
-3.40, 0.05984
-3.35, 0.07641
-3.30, 0.08466
-3.25, 0.10954
-3.20, 0.23750
-3.15, 0.31243
-3.10, 0.36731
-3.05, 0.43224
-3.00, 0.49827
-2.95, 0.55762
-2.90, 0.80598
-2.85, 0.85072
-2.80, 1.03810
-2.75, 1.22943
-2.70, 1.64226
-2.65, 1.99560
-2.60, 2.70038
-2.55, 3.17496
-2.50, 3.86469
-2.45, 4.50467
-2.40, 5.14006
-2.35, 6.12887
-2.30, 7.12359
-2.25, 8.42487
-2.20, 9.88064
-2.15, 11.54433
-2.10, 13.06199
-2.05, 15.28010
-2.00, 18.24155
-1.95, 21.13880
-1.90, 24.30239
-1.85, 27.59892
-1.80, 31.11337
-1.75, 34.83098
-1.70, 38.57319
-1.65, 42.66048
-1.60, 46.08656
-1.55, 49.15745
-1.50, 51.39528
-1.45, 53.41196
-1.40, 55.36826
-1.35, 57.45001
-1.30, 59.03214
-1.25, 60.20971
-1.20, 61.05405
-1.15, 61.62610
-1.10, 62.26009
-1.05, 62.86333
-1.00, 63.33890
-0.95, 63.80436
-0.90, 64.06509
-0.85, 64.30078
-0.80, 64.41530
-0.75, 64.59770
-0.70, 64.63029
-0.65, 64.63753
-0.60, 64.64581
-0.55, 64.67087
-0.50, 64.69566
-0.45, 64.72043
-0.40, 64.73306
-0.35, 64.74130
-0.30, 64.78483
-0.25, 64.80966
-0.20, 64.82620
-0.15, 64.82949
-0.10, 64.85429
-0.05, 64.86241
0.00, 64.89556
0.05, 64.90387
0.10, 64.94508
0.15, 64.94508
0.20, 64.95337
0.25, 64.95363
0.30, 64.95363
0.35, 64.96192
0.40, 64.96192
0.45, 64.96192
0.50, 64.96192
0.55, 64.96192
0.60, 64.96192
0.65, 64.96192
0.70, 64.96192
0.75, 64.96192
0.80, 64.96192
0.85, 64.96192
0.90, 64.96192
0.95, 64.96192
1.00, 64.96192
1.05, 64.96192
1.10, 64.96192
1.15, 64.96192
1.20, 64.96192
1.25, 64.96192
1.30, 64.96192
1.35, 64.96192
1.40, 64.96192
1.45, 64.96192
1.50, 64.96192
1.55, 64.96192
1.60, 64.96192
1.65, 64.96192
1.70, 64.96192
1.75, 64.96192
1.80, 64.96192
1.85, 64.96192
1.90, 64.96192
1.95, 64.96192
2.00, 64.96192
2.05, 64.96192
2.10, 64.96192
2.15, 64.96192
2.20, 64.96192
2.25, 64.96192
2.30, 64.96192
2.35, 64.96192
2.40, 64.96192
2.45, 64.96192
2.50, 64.96192
2.55, 64.96192
2.60, 64.96192
2.65, 64.96192
2.70, 64.96192
2.75, 64.96192
2.80, 64.96192
2.85, 64.96192
2.90, 64.96192
2.95, 64.96192
3.00, 64.96192
3.05, 100.03981
3.10, 100.03981
3.15, 100.03981
3.20, 100.03981
3.25, 100.03981
3.30, 100.03981
3.35, 100.03981
3.40, 100.03981
3.45, 100.03981
3.50, 100.03981
3.55, 100.03981
3.60, 100.03981
3.65, 100.03981
3.70, 100.03981
3.75, 100.03981
3.80, 100.03981
3.85, 100.03981
3.90, 100.03981
3.95, 100.03981
4.00, 100.03981
4.05, 100.03981
4.10, 100.03981
4.15, 100.03981
4.20, 100.03981
4.25, 100.03981
4.30, 100.03981
4.35, 100.03981
4.40, 100.03981
4.45, 100.03981
4.50, 100.03981
4.55, 100.03981
4.60, 100.03981
4.65, 100.03981
4.70, 100.03981
4.75, 100.03981
4.80, 100.03981
4.85, 100.03981
4.90, 100.03981
4.95, 100.03981
WFRMS, V_rate
-5.00, 0.00000
-4.95, 0.00000
-4.90, 0.00000
-4.85, 0.00000
-4.80, 0.00000
-4.75, 0.00000
-4.70, 0.00000
-4.65, 0.00000
-4.60, 0.00000
-4.55, 0.00000
-4.50, 0.00000
-4.45, 0.00000
-4.40, 0.00000
-4.35, 0.00000
-4.30, 0.00000
-4.25, 0.00000
-4.20, 0.00000
-4.15, 0.00000
-4.10, 0.00006
-4.05, 0.01328
-4.00, 0.01328
-3.95, 0.01328
-3.90, 0.01328
-3.85, 0.01328
-3.80, 0.01328
-3.75, 0.01328
-3.70, 0.06609
-3.65, 0.11790
-3.60, 0.11790
-3.55, 0.11790
-3.50, 0.17036
-3.45, 0.22313
-3.40, 0.27584
-3.35, 0.42948
-3.30, 0.58661
-3.25, 0.79771
-3.20, 1.00224
-3.15, 1.10767
-3.10, 1.37554
-3.05, 1.84991
-3.00, 2.16838
-2.95, 2.54433
-2.90, 3.06889
-2.85, 3.70274
-2.80, 4.79013
-2.75, 5.94735
-2.70, 6.77679
-2.65, 7.78845
-2.60, 9.68486
-2.55, 11.63606
-2.50, 13.20134
-2.45, 14.97970
-2.40, 17.07725
-2.35, 19.70303
-2.30, 22.12284
-2.25, 25.22979
-2.20, 29.09567
-2.15, 32.56659
-2.10, 36.32353
-2.05, 40.91094
-2.00, 44.78100
-1.95, 49.66579
-1.90, 54.36795
-1.85, 58.72944
-1.80, 61.38259
-1.75, 65.43513
-1.70, 68.38532
-1.65, 70.33206
-1.60, 72.03070
-1.55, 73.02036
-1.50, 73.71156
-1.45, 74.06874
-1.40, 74.33221
-1.35, 74.72324
-1.30, 75.12441
-1.25, 75.56642
-1.20, 75.76606
-1.15, 75.92436
-1.10, 76.14796
-1.05, 76.41187
-1.00, 76.83199
-0.95, 76.84789
-0.90, 76.90008
-0.85, 77.11091
-0.80, 77.21519
-0.75, 77.32072
-0.70, 77.37331
-0.65, 77.37331
-0.60, 77.47885
-0.55, 77.47890
-0.50, 77.53394
-0.45, 77.53394
-0.40, 77.68459
-0.35, 77.73735
-0.30, 77.73735
-0.25, 77.73735
-0.20, 77.79018
-0.15, 77.84297
-0.10, 77.89455
-0.05, 77.89456
0.00, 77.89456
0.05, 77.99927
0.10, 77.99927
0.15, 78.15303
0.20, 78.15304
0.25, 78.15304
0.30, 78.20570
0.35, 78.20570
0.40, 78.20570
0.45, 78.20570
0.50, 78.20573
0.55, 78.20573
0.60, 78.20573
0.65, 78.20573
0.70, 78.20573
0.75, 78.20573
0.80, 78.20573
0.85, 78.20573
0.90, 78.20573
0.95, 78.20573
1.00, 78.20573
1.05, 78.20573
1.10, 78.20573
1.15, 78.20573
1.20, 78.20573
1.25, 78.20573
1.30, 78.20573
1.35, 78.20573
1.40, 78.20573
1.45, 78.20573
1.50, 78.20573
1.55, 78.20573
1.60, 78.20573
1.65, 78.20573
1.70, 78.20573
1.75, 78.20573
1.80, 78.20573
1.85, 78.20573
1.90, 78.20573
1.95, 78.20573
2.00, 78.20573
2.05, 78.20573
2.10, 78.20573
2.15, 78.20573
2.20, 78.20573
2.25, 78.20573
2.30, 78.20573
2.35, 78.20573
2.40, 78.20573
2.45, 78.20573
2.50, 78.20573
2.55, 78.20573
2.60, 78.20573
2.65, 78.20573
2.70, 78.20573
2.75, 78.20573
2.80, 78.20573
2.85, 78.20573
2.90, 78.20573
2.95, 78.20573
3.00, 78.20573
3.05, 100.05205
3.10, 100.05205
3.15, 100.05205
3.20, 100.05205
3.25, 100.05205
3.30, 100.05205
3.35, 100.05205
3.40, 100.05205
3.45, 100.05205
3.50, 100.05205
3.55, 100.05205
3.60, 100.05205
3.65, 100.05205
3.70, 100.05205
3.75, 100.05205
3.80, 100.05205
3.85, 100.05205
3.90, 100.05205
3.95, 100.05205
4.00, 100.05205
4.05, 100.05205
4.10, 100.05205
4.15, 100.05205
4.20, 100.05205
4.25, 100.05205
4.30, 100.05205
4.35, 100.05205
4.40, 100.05205
4.45, 100.05205
4.50, 100.05205
4.55, 100.05205
4.60, 100.05205
4.65, 100.05205
4.70, 100.05205
4.75, 100.05205
4.80, 100.05205
4.85, 100.05205
4.90, 100.05205
4.95, 100.05205
--------------------------------------
WFRMS, H_rate
-5.00, 0.00000
-4.95, 0.00000
-4.90, 0.00000
-4.85, 0.00000
-4.80, 0.00000
-4.75, 0.00000
-4.70, 0.00000
-4.65, 0.00000
-4.60, 0.00000
-4.55, 0.00000
-4.50, 0.00000
-4.45, 0.00000
-4.40, 0.00000
-4.35, 0.00000
-4.30, 0.00000
-4.25, 0.00000
-4.20, 0.00000
-4.15, 0.00000
-4.10, 0.00000
-4.05, 0.00000
-4.00, 0.04384
-3.95, 0.04384
-3.90, 0.04384
-3.85, 0.04384
-3.80, 0.04384
-3.75, 0.04384
-3.70, 0.04384
-3.65, 0.04384
-3.60, 0.04384
-3.55, 0.04384
-3.50, 0.04384
-3.45, 0.09228
-3.40, 0.09228
-3.35, 0.14507
-3.30, 0.14507
-3.25, 0.14507
-3.20, 0.30819
-3.15, 0.41339
-3.10, 0.46611
-3.05, 0.56980
-3.00, 0.67448
-2.95, 0.72779
-2.90, 0.97749
-2.85, 1.02870
-2.80, 1.38783
-2.75, 1.59851
-2.70, 1.83002
-2.65, 2.19733
-2.60, 2.81139
-2.55, 3.31162
-2.50, 3.76475
-2.45, 4.26120
-2.40, 5.01020
-2.35, 6.01002
-2.30, 7.10161
-2.25, 8.39697
-2.20, 9.84129
-2.15, 11.44239
-2.10, 13.60021
-2.05, 16.24738
-2.00, 19.14863
-1.95, 21.83356
-1.90, 25.72127
-1.85, 29.15017
-1.80, 32.76892
-1.75, 36.77264
-1.70, 40.67427
-1.65, 44.87009
-1.60, 47.82799
-1.55, 50.33088
-1.50, 52.61734
-1.45, 54.74475
-1.40, 56.77295
-1.35, 58.76623
-1.30, 60.01504
-1.25, 61.51342
-1.20, 62.25214
-1.15, 62.61987
-1.10, 63.24264
-1.05, 63.71500
-1.00, 64.24893
-0.95, 64.66952
-0.90, 64.93101
-0.85, 65.07699
-0.80, 65.33020
-0.75, 65.33022
-0.70, 65.38095
-0.65, 65.38095
-0.60, 65.38095
-0.55, 65.38095
-0.50, 65.38095
-0.45, 65.43356
-0.40, 65.46221
-0.35, 65.46221
-0.30, 65.52927
-0.25, 65.52927
-0.20, 65.58213
-0.15, 65.60310
-0.10, 65.65586
-0.05, 65.65586
0.00, 65.76142
0.05, 65.76142
0.10, 65.81425
0.15, 65.81425
0.20, 65.81425
0.25, 65.81593
0.30, 65.81593
0.35, 65.81593
0.40, 65.81593
0.45, 65.81593
0.50, 65.81593
0.55, 65.81593
0.60, 65.81593
0.65, 65.81593
0.70, 65.81593
0.75, 65.81593
0.80, 65.81593
0.85, 65.81593
0.90, 65.81593
0.95, 65.81593
1.00, 65.81593
1.05, 65.81593
1.10, 65.81593
1.15, 65.81593
1.20, 65.81593
1.25, 65.81593
1.30, 65.81593
1.35, 65.81593
1.40, 65.81593
1.45, 65.81593
1.50, 65.81593
1.55, 65.81593
1.60, 65.81593
1.65, 65.81593
1.70, 65.81593
1.75, 65.81593
1.80, 65.81593
1.85, 65.81593
1.90, 65.81593
1.95, 65.81593
2.00, 65.81593
2.05, 65.81593
2.10, 65.81593
2.15, 65.81593
2.20, 65.81593
2.25, 65.81593
2.30, 65.81593
2.35, 65.81593
2.40, 65.81593
2.45, 65.81593
2.50, 65.81593
2.55, 65.81593
2.60, 65.81593
2.65, 65.81593
2.70, 65.81593
2.75, 65.81593
2.80, 65.81593
2.85, 65.81593
2.90, 65.81593
2.95, 65.81593
3.00, 65.81593
3.05, 100.05205
3.10, 100.05205
3.15, 100.05205
3.20, 100.05205
3.25, 100.05205
3.30, 100.05205
3.35, 100.05205
3.40, 100.05205
3.45, 100.05205
3.50, 100.05205
3.55, 100.05205
3.60, 100.05205
3.65, 100.05205
3.70, 100.05205
3.75, 100.05205
3.80, 100.05205
3.85, 100.05205
3.90, 100.05205
3.95, 100.05205
4.00, 100.05205
4.05, 100.05205
4.10, 100.05205
4.15, 100.05205
4.20, 100.05205
4.25, 100.05205
4.30, 100.05205
4.35, 100.05205
4.40, 100.05205
4.45, 100.05205
4.50, 100.05205
4.55, 100.05205
4.60, 100.05205
4.65, 100.05205
4.70, 100.05205
4.75, 100.05205
4.80, 100.05205
4.85, 100.05205
4.90, 100.05205
4.95, 100.05205
WFRMS, V_rate
-5.00, 0.00000
-4.95, 0.00000
-4.90, 0.00000
-4.85, 0.00000
-4.80, 0.00000
-4.75, 0.00000
-4.70, 0.00000
-4.65, 0.00000
-4.60, 0.00000
-4.55, 0.00000
-4.50, 0.00000
-4.45, 0.00000
-4.40, 0.00000
-4.35, 0.00000
-4.30, 0.00000
-4.25, 0.00000
-4.20, 0.00000
-4.15, 0.00000
-4.10, 0.00006
-4.05, 0.01328
-4.00, 0.01328
-3.95, 0.01328
-3.90, 0.01328
-3.85, 0.01328
-3.80, 0.01328
-3.75, 0.01328
-3.70, 0.06609
-3.65, 0.11790
-3.60, 0.11790
-3.55, 0.11790
-3.50, 0.17036
-3.45, 0.22313
-3.40, 0.27584
-3.35, 0.42948
-3.30, 0.58661
-3.25, 0.79771
-3.20, 1.00224
-3.15, 1.10767
-3.10, 1.37554
-3.05, 1.84991
-3.00, 2.16838
-2.95, 2.54433
-2.90, 3.06889
-2.85, 3.70274
-2.80, 4.79013
-2.75, 5.94735
-2.70, 6.77679
-2.65, 7.78845
-2.60, 9.68486
-2.55, 11.63606
-2.50, 13.20134
-2.45, 14.97970
-2.40, 17.07725
-2.35, 19.70303
-2.30, 22.12284
-2.25, 25.22979
-2.20, 29.09567
-2.15, 32.56659
-2.10, 36.32353
-2.05, 40.91094
-2.00, 44.78100
-1.95, 49.66579
-1.90, 54.36795
-1.85, 58.72944
-1.80, 61.38259
-1.75, 65.43513
-1.70, 68.38532
-1.65, 70.33206
-1.60, 72.03070
-1.55, 73.02036
-1.50, 73.71156
-1.45, 74.06874
-1.40, 74.33221
-1.35, 74.72324
-1.30, 75.12441
-1.25, 75.56642
-1.20, 75.76606
-1.15, 75.92436
-1.10, 76.14796
-1.05, 76.41187
-1.00, 76.83199
-0.95, 76.84789
-0.90, 76.90008
-0.85, 77.11091
-0.80, 77.21519
-0.75, 77.32072
-0.70, 77.37331
-0.65, 77.37331
-0.60, 77.47885
-0.55, 77.47890
-0.50, 77.53394
-0.45, 77.53394
-0.40, 77.68459
-0.35, 77.73735
-0.30, 77.73735
-0.25, 77.73735
-0.20, 77.79018
-0.15, 77.84297
-0.10, 77.89455
-0.05, 77.89456
0.00, 77.89456
0.05, 77.99927
0.10, 77.99927
0.15, 78.15303
0.20, 78.15304
0.25, 78.15304
0.30, 78.20570
0.35, 78.20570
0.40, 78.20570
0.45, 78.20570
0.50, 78.20573
0.55, 78.20573
0.60, 78.20573
0.65, 78.20573
0.70, 78.20573
0.75, 78.20573
0.80, 78.20573
0.85, 78.20573
0.90, 78.20573
0.95, 78.20573
1.00, 78.20573
1.05, 78.20573
1.10, 78.20573
1.15, 78.20573
1.20, 78.20573
1.25, 78.20573
1.30, 78.20573
1.35, 78.20573
1.40, 78.20573
1.45, 78.20573
1.50, 78.20573
1.55, 78.20573
1.60, 78.20573
1.65, 78.20573
1.70, 78.20573
1.75, 78.20573
1.80, 78.20573
1.85, 78.20573
1.90, 78.20573
1.95, 78.20573
2.00, 78.20573
2.05, 78.20573
2.10, 78.20573
2.15, 78.20573
2.20, 78.20573
2.25, 78.20573
2.30, 78.20573
2.35, 78.20573
2.40, 78.20573
2.45, 78.20573
2.50, 78.20573
2.55, 78.20573
2.60, 78.20573
2.65, 78.20573
2.70, 78.20573
2.75, 78.20573
2.80, 78.20573
2.85, 78.20573
2.90, 78.20573
2.95, 78.20573
3.00, 78.20573
3.05, 100.05205
3.10, 100.05205
3.15, 100.05205
3.20, 100.05205
3.25, 100.05205
3.30, 100.05205
3.35, 100.05205
3.40, 100.05205
3.45, 100.05205
3.50, 100.05205
3.55, 100.05205
3.60, 100.05205
3.65, 100.05205
3.70, 100.05205
3.75, 100.05205
3.80, 100.05205
3.85, 100.05205
3.90, 100.05205
3.95, 100.05205
4.00, 100.05205
4.05, 100.05205
4.10, 100.05205
4.15, 100.05205
4.20, 100.05205
4.25, 100.05205
4.30, 100.05205
4.35, 100.05205
4.40, 100.05205
4.45, 100.05205
4.50, 100.05205
4.55, 100.05205
4.60, 100.05205
4.65, 100.05205
4.70, 100.05205
4.75, 100.05205
4.80, 100.05205
4.85, 100.05205
4.90, 100.05205
4.95, 100.05205
--------------------------------------
WFRMS, H_rate
-5.00, 0.00000
-4.95, 0.00000
-4.90, 0.00000
-4.85, 0.00000
-4.80, 0.00000
-4.75, 0.00000
-4.70, 0.00000
-4.65, 0.00000
-4.60, 0.00000
-4.55, 0.00000
-4.50, 0.00000
-4.45, 0.00000
-4.40, 0.00000
-4.35, 0.00000
-4.30, 0.00000
-4.25, 0.00000
-4.20, 0.00000
-4.15, 0.00000
-4.10, 0.00000
-4.05, 0.00000
-4.00, 0.04384
-3.95, 0.04384
-3.90, 0.04384
-3.85, 0.04384
-3.80, 0.04384
-3.75, 0.04384
-3.70, 0.04384
-3.65, 0.04384
-3.60, 0.04384
-3.55, 0.04384
-3.50, 0.04384
-3.45, 0.09228
-3.40, 0.09228
-3.35, 0.14507
-3.30, 0.14507
-3.25, 0.14507
-3.20, 0.30819
-3.15, 0.41339
-3.10, 0.46611
-3.05, 0.56980
-3.00, 0.67448
-2.95, 0.72779
-2.90, 0.97749
-2.85, 1.02870
-2.80, 1.38783
-2.75, 1.59851
-2.70, 1.83002
-2.65, 2.19733
-2.60, 2.81139
-2.55, 3.31162
-2.50, 3.76475
-2.45, 4.26120
-2.40, 5.01020
-2.35, 6.01002
-2.30, 7.10161
-2.25, 8.39697
-2.20, 9.84129
-2.15, 11.44239
-2.10, 13.60021
-2.05, 16.24738
-2.00, 19.14863
-1.95, 21.83356
-1.90, 25.72127
-1.85, 29.15017
-1.80, 32.76892
-1.75, 36.77264
-1.70, 40.67427
-1.65, 44.87009
-1.60, 47.82799
-1.55, 50.33088
-1.50, 52.61734
-1.45, 54.74475
-1.40, 56.77295
-1.35, 58.76623
-1.30, 60.01504
-1.25, 61.51342
-1.20, 62.25214
-1.15, 62.61987
-1.10, 63.24264
-1.05, 63.71500
-1.00, 64.24893
-0.95, 64.66952
-0.90, 64.93101
-0.85, 65.07699
-0.80, 65.33020
-0.75, 65.33022
-0.70, 65.38095
-0.65, 65.38095
-0.60, 65.38095
-0.55, 65.38095
-0.50, 65.38095
-0.45, 65.43356
-0.40, 65.46221
-0.35, 65.46221
-0.30, 65.52927
-0.25, 65.52927
-0.20, 65.58213
-0.15, 65.60310
-0.10, 65.65586
-0.05, 65.65586
0.00, 65.76142
0.05, 65.76142
0.10, 65.81425
0.15, 65.81425
0.20, 65.81425
0.25, 65.81593
0.30, 65.81593
0.35, 65.81593
0.40, 65.81593
0.45, 65.81593
0.50, 65.81593
0.55, 65.81593
0.60, 65.81593
0.65, 65.81593
0.70, 65.81593
0.75, 65.81593
0.80, 65.81593
0.85, 65.81593
0.90, 65.81593
0.95, 65.81593
1.00, 65.81593
1.05, 65.81593
1.10, 65.81593
1.15, 65.81593
1.20, 65.81593
1.25, 65.81593
1.30, 65.81593
1.35, 65.81593
1.40, 65.81593
1.45, 65.81593
1.50, 65.81593
1.55, 65.81593
1.60, 65.81593
1.65, 65.81593
1.70, 65.81593
1.75, 65.81593
1.80, 65.81593
1.85, 65.81593
1.90, 65.81593
1.95, 65.81593
2.00, 65.81593
2.05, 65.81593
2.10, 65.81593
2.15, 65.81593
2.20, 65.81593
2.25, 65.81593
2.30, 65.81593
2.35, 65.81593
2.40, 65.81593
2.45, 65.81593
2.50, 65.81593
2.55, 65.81593
2.60, 65.81593
2.65, 65.81593
2.70, 65.81593
2.75, 65.81593
2.80, 65.81593
2.85, 65.81593
2.90, 65.81593
2.95, 65.81593
3.00, 65.81593
3.05, 100.05205
3.10, 100.05205
3.15, 100.05205
3.20, 100.05205
3.25, 100.05205
3.30, 100.05205
3.35, 100.05205
3.40, 100.05205
3.45, 100.05205
3.50, 100.05205
3.55, 100.05205
3.60, 100.05205
3.65, 100.05205
3.70, 100.05205
3.75, 100.05205
3.80, 100.05205
3.85, 100.05205
3.90, 100.05205
3.95, 100.05205
4.00, 100.05205
4.05, 100.05205
4.10, 100.05205
4.15, 100.05205
4.20, 100.05205
4.25, 100.05205
4.30, 100.05205
4.35, 100.05205
4.40, 100.05205
4.45, 100.05205
4.50, 100.05205
4.55, 100.05205
4.60, 100.05205
4.65, 100.05205
4.70, 100.05205
4.75, 100.05205
4.80, 100.05205
4.85, 100.05205
4.90, 100.05205
4.95, 100.05205
WFRMS, V_rate
-5.00, 0.00000
-4.95, 0.00000
-4.90, 0.00000
-4.85, 0.00000
-4.80, 0.00000
-4.75, 0.00000
-4.70, 0.00000
-4.65, 0.00000
-4.60, 0.00000
-4.55, 0.00000
-4.50, 0.00000
-4.45, 0.00000
-4.40, 0.00000
-4.35, 0.00000
-4.30, 0.00000
-4.25, 0.00000
-4.20, 0.00000
-4.15, 0.00000
-4.10, 0.00000
-4.05, 0.00000
-4.00, 0.00000
-3.95, 0.00000
-3.90, 0.00000
-3.85, 0.00000
-3.80, 0.00000
-3.75, 0.00000
-3.70, 0.00000
-3.65, 0.00000
-3.60, 0.00000
-3.55, 0.00000
-3.50, 0.00000
-3.45, 0.00000
-3.40, 0.00000
-3.35, 0.00013
-3.30, 0.00013
-3.25, 0.00026
-3.20, 0.00026
-3.15, 0.00026
-3.10, 0.00039
-3.05, 0.00052
-3.00, 0.00052
-2.95, 0.00052
-2.90, 0.00052
-2.85, 0.00078
-2.80, 0.00078
-2.75, 0.00078
-2.70, 0.00104
-2.65, 0.00104
-2.60, 0.00104
-2.55, 0.00117
-2.50, 0.00130
-2.45, 0.00130
-2.40, 0.00156
-2.35, 0.00235
-2.30, 0.00365
-2.25, 0.00469
-2.20, 0.00639
-2.15, 0.00756
-2.10, 0.01043
-2.05, 0.01330
-2.00, 0.01591
-1.95, 0.02021
-1.90, 0.02490
-1.85, 0.03116
-1.80, 0.03846
-1.75, 0.04863
-1.70, 0.06233
-1.65, 0.07810
-1.60, 0.09544
-1.55, 0.11592
-1.50, 0.14460
-1.45, 0.17329
-1.40, 0.20745
-1.35, 0.24891
-1.30, 0.30081
-1.25, 0.35413
-1.20, 0.42637
-1.15, 0.50121
-1.10, 0.58649
-1.05, 0.68910
-1.00, 0.79941
-0.95, 0.93110
-0.90, 1.08027
-0.85, 1.24221
-0.80, 1.42097
-0.75, 1.62711
-0.70, 1.84030
-0.65, 2.07682
-0.60, 2.33408
-0.55, 2.61754
-0.50, 2.91131
-0.45, 3.21185
-0.40, 3.50809
-0.35, 3.80838
-0.30, 4.12209
-0.25, 4.45614
-0.20, 4.80193
-0.15, 5.14694
-0.10, 5.48425
-0.05, 5.83343
0.00, 6.18874
0.05, 6.55083
0.10, 6.90431
0.15, 7.25740
0.20, 7.60619
0.25, 7.94976
0.30, 8.26439
0.35, 8.55659
0.40, 8.80928
0.45, 9.02612
0.50, 9.17880
0.55, 9.29133
0.60, 9.35743
0.65, 9.39368
0.70, 9.41155
0.75, 9.41937
0.80, 9.42106
0.85, 9.42106
0.90, 9.42106
0.95, 9.42106
1.00, 9.42106
1.05, 9.42106
1.10, 9.42106
1.15, 9.42106
1.20, 9.42106
1.25, 9.42106
1.30, 9.42106
1.35, 9.42106
1.40, 9.42106
1.45, 9.42106
1.50, 9.42106
1.55, 9.42106
1.60, 9.42106
1.65, 9.42106
1.70, 9.42106
1.75, 9.42106
1.80, 9.42106
1.85, 9.42106
1.90, 9.42106
1.95, 9.42106
2.00, 9.42106
2.05, 9.42106
2.10, 9.42106
2.15, 9.42106
2.20, 9.42106
2.25, 9.42106
2.30, 9.42106
2.35, 9.42106
2.40, 9.42106
2.45, 9.42106
2.50, 9.42106
2.55, 9.42106
2.60, 9.42106
2.65, 9.42106
2.70, 9.42106
2.75, 9.42106
2.80, 9.42106
2.85, 9.42106
2.90, 9.42106
2.95, 9.42106
3.00, 9.42106
3.05, 100.00000
3.10, 100.00000
3.15, 100.00000
3.20, 100.00000
3.25, 100.00000
3.30, 100.00000
3.35, 100.00000
3.40, 100.00000
3.45, 100.00000
3.50, 100.00000
3.55, 100.00000
3.60, 100.00000
3.65, 100.00000
3.70, 100.00000
3.75, 100.00000
3.80, 100.00000
3.85, 100.00000
3.90, 100.00000
3.95, 100.00000
4.00, 100.00000
4.05, 100.00000
4.10, 100.00000
4.15, 100.00000
4.20, 100.00000
4.25, 100.00000
4.30, 100.00000
4.35, 100.00000
4.40, 100.00000
4.45, 100.00000
4.50, 100.00000
4.55, 100.00000
4.60, 100.00000
4.65, 100.00000
4.70, 100.00000
4.75, 100.00000
4.80, 100.00000
4.85, 100.00000
4.90, 100.00000
4.95, 100.00000
--------------------------------------
WFRMS, H_rate
-5.00, 0.00000
-4.95, 0.00000
-4.90, 0.00000
-4.85, 0.00000
-4.80, 0.00000
-4.75, 0.00000
-4.70, 0.00000
-4.65, 0.00000
-4.60, 0.00000
-4.55, 0.00000
-4.50, 0.00000
-4.45, 0.00000
-4.40, 0.00000
-4.35, 0.00000
-4.30, 0.00000
-4.25, 0.00000
-4.20, 0.00000
-4.15, 0.00000
-4.10, 0.00000
-4.05, 0.00000
-4.00, 0.00000
-3.95, 0.00000
-3.90, 0.00000
-3.85, 0.00000
-3.80, 0.00000
-3.75, 0.00000
-3.70, 0.00000
-3.65, 0.00000
-3.60, 0.00000
-3.55, 0.00000
-3.50, 0.00000
-3.45, 0.00000
-3.40, 0.00000
-3.35, 0.00000
-3.30, 0.00000
-3.25, 0.00000
-3.20, 0.00000
-3.15, 0.00000
-3.10, 0.00026
-3.05, 0.00026
-3.00, 0.00026
-2.95, 0.00039
-2.90, 0.00039
-2.85, 0.00039
-2.80, 0.00039
-2.75, 0.00039
-2.70, 0.00104
-2.65, 0.00130
-2.60, 0.00183
-2.55, 0.00274
-2.50, 0.00352
-2.45, 0.00482
-2.40, 0.00561
-2.35, 0.00678
-2.30, 0.00965
-2.25, 0.01226
-2.20, 0.01604
-2.15, 0.02008
-2.10, 0.02503
-2.05, 0.03051
-2.00, 0.03820
-1.95, 0.04798
-1.90, 0.06167
-1.85, 0.07628
-1.80, 0.09544
-1.75, 0.11605
-1.70, 0.14721
-1.65, 0.18228
-1.60, 0.22922
-1.55, 0.28007
-1.50, 0.34344
-1.45, 0.42350
-1.40, 0.52168
-1.35, 0.63851
-1.30, 0.78298
-1.25, 0.95262
-1.20, 1.15054
-1.15, 1.38616
-1.10, 1.66936
-1.05, 1.97590
-1.00, 2.32247
-0.95, 2.71598
-0.90, 3.15657
-0.85, 3.64031
-0.80, 4.15325
-0.75, 4.72566
-0.70, 5.33222
-0.65, 5.96721
-0.60, 6.61902
-0.55, 7.27996
-0.50, 7.92095
-0.45, 8.57380
-0.40, 9.21427
-0.35, 9.86517
-0.30, 10.51267
-0.25, 11.15627
-0.20, 11.79856
-0.15, 12.44346
-0.10, 13.08667
-0.05, 13.72531
0.00, 14.36721
0.05, 15.01445
0.10, 15.64827
0.15, 16.28952
0.20, 16.88578
0.25, 17.45167
0.30, 17.98196
0.35, 18.43949
0.40, 18.82948
0.45, 19.13993
0.50, 19.37176
0.55, 19.51415
0.60, 19.58964
0.65, 19.63280
0.70, 19.64767
0.75, 19.65366
0.80, 19.65471
0.85, 19.65471
0.90, 19.65471
0.95, 19.65471
1.00, 19.65471
1.05, 19.65471
1.10, 19.65471
1.15, 19.65471
1.20, 19.65471
1.25, 19.65471
1.30, 19.65471
1.35, 19.65471
1.40, 19.65471
1.45, 19.65471
1.50, 19.65471
1.55, 19.65471
1.60, 19.65471
1.65, 19.65471
1.70, 19.65471
1.75, 19.65471
1.80, 19.65471
1.85, 19.65471
1.90, 19.65471
1.95, 19.65471
2.00, 19.65471
2.05, 19.65471
2.10, 19.65471
2.15, 19.65471
2.20, 19.65471
2.25, 19.65471
2.30, 19.65471
2.35, 19.65471
2.40, 19.65471
2.45, 19.65471
2.50, 19.65471
2.55, 19.65471
2.60, 19.65471
2.65, 19.65471
2.70, 19.65471
2.75, 19.65471
2.80, 19.65471
2.85, 19.65471
2.90, 19.65471
2.95, 19.65471
3.00, 19.65471
3.05, 100.00000
3.10, 100.00000
3.15, 100.00000
3.20, 100.00000
3.25, 100.00000
3.30, 100.00000
3.35, 100.00000
3.40, 100.00000
3.45, 100.00000
3.50, 100.00000
3.55, 100.00000
3.60, 100.00000
3.65, 100.00000
3.70, 100.00000
3.75, 100.00000
3.80, 100.00000
3.85, 100.00000
3.90, 100.00000
3.95, 100.00000
4.00, 100.00000
4.05, 100.00000
4.10, 100.00000
4.15, 100.00000
4.20, 100.00000
4.25, 100.00000
4.30, 100.00000
4.35, 100.00000
4.40, 100.00000
4.45, 100.00000
4.50, 100.00000
4.55, 100.00000
4.60, 100.00000
4.65, 100.00000
4.70, 100.00000
4.75, 100.00000
4.80, 100.00000
4.85, 100.00000
4.90, 100.00000
4.95, 100.00000
WFRMS, V_rate
-5.00, 0.00000
-4.95, 0.00000
-4.90, 0.00000
-4.85, 0.00000
-4.80, 0.00000
-4.75, 0.00000
-4.70, 0.00000
-4.65, 0.00000
-4.60, 0.00000
-4.55, 0.00000
-4.50, 0.00000
-4.45, 0.00000
-4.40, 0.00000
-4.35, 0.00000
-4.30, 0.00000
-4.25, 0.00000
-4.20, 0.00000
-4.15, 0.00000
-4.10, 0.00000
-4.05, 0.00000
-4.00, 0.00000
-3.95, 0.00000
-3.90, 0.00000
-3.85, 0.00000
-3.80, 0.00000
-3.75, 0.00000
-3.70, 0.00000
-3.65, 0.00000
-3.60, 0.00000
-3.55, 0.00000
-3.50, 0.00000
-3.45, 0.00000
-3.40, 0.00000
-3.35, 0.00013
-3.30, 0.00013
-3.25, 0.00026
-3.20, 0.00026
-3.15, 0.00026
-3.10, 0.00039
-3.05, 0.00052
-3.00, 0.00052
-2.95, 0.00052
-2.90, 0.00052
-2.85, 0.00078
-2.80, 0.00078
-2.75, 0.00078
-2.70, 0.00104
-2.65, 0.00104
-2.60, 0.00104
-2.55, 0.00117
-2.50, 0.00130
-2.45, 0.00130
-2.40, 0.00156
-2.35, 0.00235
-2.30, 0.00365
-2.25, 0.00469
-2.20, 0.00639
-2.15, 0.00756
-2.10, 0.01043
-2.05, 0.01330
-2.00, 0.01591
-1.95, 0.02021
-1.90, 0.02490
-1.85, 0.03116
-1.80, 0.03846
-1.75, 0.04863
-1.70, 0.06233
-1.65, 0.07810
-1.60, 0.09544
-1.55, 0.11592
-1.50, 0.14460
-1.45, 0.17329
-1.40, 0.20745
-1.35, 0.24891
-1.30, 0.30081
-1.25, 0.35413
-1.20, 0.42637
-1.15, 0.50121
-1.10, 0.58649
-1.05, 0.68910
-1.00, 0.79941
-0.95, 0.93110
-0.90, 1.08027
-0.85, 1.24221
-0.80, 1.42097
-0.75, 1.62711
-0.70, 1.84030
-0.65, 2.07682
-0.60, 2.33408
-0.55, 2.61754
-0.50, 2.91131
-0.45, 3.21185
-0.40, 3.50809
-0.35, 3.80838
-0.30, 4.12209
-0.25, 4.45614
-0.20, 4.80193
-0.15, 5.14694
-0.10, 5.48425
-0.05, 5.83343
0.00, 6.18874
0.05, 6.55083
0.10, 6.90431
0.15, 7.25740
0.20, 7.60619
0.25, 7.94976
0.30, 8.26439
0.35, 8.55659
0.40, 8.80928
0.45, 9.02612
0.50, 9.17880
0.55, 9.29133
0.60, 9.35743
0.65, 9.39368
0.70, 9.41155
0.75, 9.41937
0.80, 9.42106
0.85, 9.42106
0.90, 9.42106
0.95, 9.42106
1.00, 9.42106
1.05, 9.42106
1.10, 9.42106
1.15, 9.42106
1.20, 9.42106
1.25, 9.42106
1.30, 9.42106
1.35, 9.42106
1.40, 9.42106
1.45, 9.42106
1.50, 9.42106
1.55, 9.42106
1.60, 9.42106
1.65, 9.42106
1.70, 9.42106
1.75, 9.42106
1.80, 9.42106
1.85, 9.42106
1.90, 9.42106
1.95, 9.42106
2.00, 9.42106
2.05, 9.42106
2.10, 9.42106
2.15, 9.42106
2.20, 9.42106
2.25, 9.42106
2.30, 9.42106
2.35, 9.42106
2.40, 9.42106
2.45, 9.42106
2.50, 9.42106
2.55, 9.42106
2.60, 9.42106
2.65, 9.42106
2.70, 9.42106
2.75, 9.42106
2.80, 9.42106
2.85, 9.42106
2.90, 9.42106
2.95, 9.42106
3.00, 9.42106
3.05, 100.00000
3.10, 100.00000
3.15, 100.00000
3.20, 100.00000
3.25, 100.00000
3.30, 100.00000
3.35, 100.00000
3.40, 100.00000
3.45, 100.00000
3.50, 100.00000
3.55, 100.00000
3.60, 100.00000
3.65, 100.00000
3.70, 100.00000
3.75, 100.00000
3.80, 100.00000
3.85, 100.00000
3.90, 100.00000
3.95, 100.00000
4.00, 100.00000
4.05, 100.00000
4.10, 100.00000
4.15, 100.00000
4.20, 100.00000
4.25, 100.00000
4.30, 100.00000
4.35, 100.00000
4.40, 100.00000
4.45, 100.00000
4.50, 100.00000
4.55, 100.00000
4.60, 100.00000
4.65, 100.00000
4.70, 100.00000
4.75, 100.00000
4.80, 100.00000
4.85, 100.00000
4.90, 100.00000
4.95, 100.00000
--------------------------------------
WFRMS, H_rate
-5.00, 0.00000
-4.95, 0.00000
-4.90, 0.00000
-4.85, 0.00000
-4.80, 0.00000
-4.75, 0.00000
-4.70, 0.00000
-4.65, 0.00000
-4.60, 0.00000
-4.55, 0.00000
-4.50, 0.00000
-4.45, 0.00000
-4.40, 0.00000
-4.35, 0.00000
-4.30, 0.00000
-4.25, 0.00000
-4.20, 0.00000
-4.15, 0.00000
-4.10, 0.00000
-4.05, 0.00000
-4.00, 0.00000
-3.95, 0.00000
-3.90, 0.00000
-3.85, 0.00000
-3.80, 0.00000
-3.75, 0.00000
-3.70, 0.00000
-3.65, 0.00000
-3.60, 0.00000
-3.55, 0.00000
-3.50, 0.00000
-3.45, 0.00000
-3.40, 0.00000
-3.35, 0.00000
-3.30, 0.00000
-3.25, 0.00000
-3.20, 0.00000
-3.15, 0.00000
-3.10, 0.00026
-3.05, 0.00026
-3.00, 0.00026
-2.95, 0.00039
-2.90, 0.00039
-2.85, 0.00039
-2.80, 0.00039
-2.75, 0.00039
-2.70, 0.00104
-2.65, 0.00130
-2.60, 0.00183
-2.55, 0.00274
-2.50, 0.00352
-2.45, 0.00482
-2.40, 0.00561
-2.35, 0.00678
-2.30, 0.00965
-2.25, 0.01226
-2.20, 0.01604
-2.15, 0.02008
-2.10, 0.02503
-2.05, 0.03051
-2.00, 0.03820
-1.95, 0.04798
-1.90, 0.06167
-1.85, 0.07628
-1.80, 0.09544
-1.75, 0.11605
-1.70, 0.14721
-1.65, 0.18228
-1.60, 0.22922
-1.55, 0.28007
-1.50, 0.34344
-1.45, 0.42350
-1.40, 0.52168
-1.35, 0.63851
-1.30, 0.78298
-1.25, 0.95262
-1.20, 1.15054
-1.15, 1.38616
-1.10, 1.66936
-1.05, 1.97590
-1.00, 2.32247
-0.95, 2.71598
-0.90, 3.15657
-0.85, 3.64031
-0.80, 4.15325
-0.75, 4.72566
-0.70, 5.33222
-0.65, 5.96721
-0.60, 6.61902
-0.55, 7.27996
-0.50, 7.92095
-0.45, 8.57380
-0.40, 9.21427
-0.35, 9.86517
-0.30, 10.51267
-0.25, 11.15627
-0.20, 11.79856
-0.15, 12.44346
-0.10, 13.08667
-0.05, 13.72531
0.00, 14.36721
0.05, 15.01445
0.10, 15.64827
0.15, 16.28952
0.20, 16.88578
0.25, 17.45167
0.30, 17.98196
0.35, 18.43949
0.40, 18.82948
0.45, 19.13993
0.50, 19.37176
0.55, 19.51415
0.60, 19.58964
0.65, 19.63280
0.70, 19.64767
0.75, 19.65366
0.80, 19.65471
0.85, 19.65471
0.90, 19.65471
0.95, 19.65471
1.00, 19.65471
1.05, 19.65471
1.10, 19.65471
1.15, 19.65471
1.20, 19.65471
1.25, 19.65471
1.30, 19.65471
1.35, 19.65471
1.40, 19.65471
1.45, 19.65471
1.50, 19.65471
1.55, 19.65471
1.60, 19.65471
1.65, 19.65471
1.70, 19.65471
1.75, 19.65471
1.80, 19.65471
1.85, 19.65471
1.90, 19.65471
1.95, 19.65471
2.00, 19.65471
2.05, 19.65471
2.10, 19.65471
2.15, 19.65471
2.20, 19.65471
2.25, 19.65471
2.30, 19.65471
2.35, 19.65471
2.40, 19.65471
2.45, 19.65471
2.50, 19.65471
2.55, 19.65471
2.60, 19.65471
2.65, 19.65471
2.70, 19.65471
2.75, 19.65471
2.80, 19.65471
2.85, 19.65471
2.90, 19.65471
2.95, 19.65471
3.00, 19.65471
3.05, 100.00000
3.10, 100.00000
3.15, 100.00000
3.20, 100.00000
3.25, 100.00000
3.30, 100.00000
3.35, 100.00000
3.40, 100.00000
3.45, 100.00000
3.50, 100.00000
3.55, 100.00000
3.60, 100.00000
3.65, 100.00000
3.70, 100.00000
3.75, 100.00000
3.80, 100.00000
3.85, 100.00000
3.90, 100.00000
3.95, 100.00000
4.00, 100.00000
4.05, 100.00000
4.10, 100.00000
4.15, 100.00000
4.20, 100.00000
4.25, 100.00000
4.30, 100.00000
4.35, 100.00000
4.40, 100.00000
4.45, 100.00000
4.50, 100.00000
4.55, 100.00000
4.60, 100.00000
4.65, 100.00000
4.70, 100.00000
4.75, 100.00000
4.80, 100.00000
4.85, 100.00000
4.90, 100.00000
4.95, 100.00000
