# Source: Batista et. al  JCAP 01 (2019) 002 (https://arxiv.org/abs/1806.10879)
# Data type: Flux
# Column values:
# Energy [eV]
# Flux [GeV cm^-2 s^-1 sr^-1]
# Flux band minimum
# Flux band maximum

400670581606762.2  1e-12 0.0 0.0
501589494711320.06  1.5505157798326348e-12 0.0 0.0
632985451338940.5  2.480606190251996e-12 0.0 0.0
792418678265540.9  3.9686194433834346e-12 0.0 0.0
1000000000000004.1  6.349230421295178e-12 0.0 0.0
1251875025862534.2  9.540954763500003e-12 0.0 0.0
1579815140908420  1.4563484775012503e-11 0.0 0.0
1993662169052273.2  2.3299518105153813e-11 0.0 0.0
2515920212047553  3.556480306223121e-11 0.0 0.0
3174988526967134.5  5.3443040285867605e-11 0.0 0.0
3974688844310231  7.543120063354669e-11 0.0 0.0
5015894947113180  1.0985411419875617e-10 0.0 0.0
6329854513389405  1.5749940286401174e-10 0.0 0.0
7924186782655409  2.258091295300894e-10 0.0 0.0
10000000000000000  3.137607680703778e-10 0.0 0.0
12518750258625292  4.225229858223504e-10 0.0 0.0
15798151409084072  5.428675439323859e-10 0.0 0.0
19936621690522812  6.974890837751744e-10 0.0 0.0
25159202120475532  8.157641691281797e-10 0.0 0.0
31749885269671344  9.246692057357779e-10 0.0 0.0
39746888443102150  9.691579392800556e-10 0.0 0.0
50158949471132010  1e-9 0.0 0.0
63298545133893530  9.246692057357779e-10 0.0 0.0
79241867826554080  8.41724693226147e-10 0.0 0.0
100000000000000000  6.974890837751715e-10 0.0 0.0
125187502586253950  5.779692884153325e-10 0.0 0.0
157981514090842020  4.3596917354484624e-10 0.0 0.0
199366216905228130  3.1871416115850657e-10 0.0 0.0
251592021204757380  2.087987484504743e-10 0.0 0.0
317498852696713400  1.3679002274644047e-10 0.0 0.0
397468884431024800  8.417246932261368e-11 0.0 0.0
501589494711320060  4.8649102198552033e-11 0.0 0.0
632985451338940500  2.5999559286685172e-11 0.0 0.0
792418678265540900  1.3894954943731474e-11 0.0 0.0
1000000000000000000  5.689866029018235e-12 0.0 0.0
1251875025862529300  2.293740155683558e-12 0.0 0.0
1579815140908420000  8.28642772854669e-13 0.0 0.0