# Source: Batista et. al  JCAP 01 (2019) 002 (https://arxiv.org/abs/1806.10879), z=1
# Data type: Flux
# Column values:
# Energy [eV]
# Flux [GeV cm^-2 s^-1 sr^-1]
# Flux band minimum
# Flux band maximum

1.25817e+15  1.17836e-12 0.0 0.0
1.49720e+15  1.49878e-12 0.0 0.0
1.80397e+15  2.02834e-12 0.0 0.0
2.14270e+15  2.83236e-12 0.0 0.0
2.50293e+15  4.25115e-12 0.0 0.0
2.97368e+15  5.97254e-12 0.0 0.0
3.59154e+15  8.01968e-12 0.0 0.0
4.25212e+15  1.13370e-11 0.0 0.0
4.90837e+15  1.64887e-11 0.0 0.0
5.81354e+15  2.09515e-11 0.0 0.0
6.95465e+15  2.65168e-11 0.0 0.0
8.48199e+15  3.72413e-11 0.0 0.0
1.00591e+16  4.71818e-11 0.0 0.0
1.17448e+16  6.63521e-11 0.0 0.0
1.41759e+16  8.91402e-11 0.0 0.0
1.70487e+16  1.11518e-10 0.0 0.0
2.05037e+16  1.34270e-10 0.0 0.0
2.46589e+16  1.67978e-10 0.0 0.0
2.96562e+16  2.00469e-10 0.0 0.0
3.56662e+16  2.19000e-10 0.0 0.0
4.28942e+16  2.44231e-10 0.0 0.0
5.15870e+16  2.73172e-10 0.0 0.0
6.20415e+16  2.76412e-10 0.0 0.0
7.46146e+16  2.63292e-10 0.0 0.0
8.97357e+16  2.48954e-10 0.0 0.0
1.09484e+17  2.10702e-10 0.0 0.0
1.21369e+17  1.83867e-10 0.0 0.0
1.43136e+17  1.71395e-10 0.0 0.0
1.72625e+17  1.43476e-10 0.0 0.0
1.96946e+17  1.06786e-10 0.0 0.0
2.30623e+17  8.87557e-11 0.0 0.0
2.66748e+17  6.65195e-11 0.0 0.0
3.08673e+17  5.34971e-11 0.0 0.0
3.40134e+17  3.67872e-11 0.0 0.0
3.90680e+17  2.51510e-11 0.0 0.0
4.43991e+17  1.70627e-11 0.0 0.0
5.10216e+17  1.20877e-11 0.0 0.0
5.68777e+17  8.23784e-12 0.0 0.0
6.33487e+17  5.52355e-12 0.0 0.0
7.05560e+17  3.90839e-12 0.0 0.0
7.74756e+17  2.72825e-12 0.0 0.0
8.17941e+17  1.86203e-12 0.0 0.0
9.39614e+17  1.33922e-12 0.0 0.0