# Source: Kachelriess et. al, New J. Phys. 11 (2009) 065017.
# Data type: Flux
# Column values:
# Energy [eV]
# Flux [GeV cm^-2 s^-1]
# Flux band minimum
# Flux band maximum

3.92e+14  3.29e-10 0.0 0.0
4.48e+14  3.87e-10 0.0 0.0
5.02e+14  4.63e-10 0.0 0.0
5.77e+14  5.43e-10 0.0 0.0
6.68e+14  6.38e-10 0.0 0.0
7.76e+14  7.52e-10 0.0 0.0
9.14e+14  8.77e-10 0.0 0.0
1.08e+15  1.03e-9 0.0 0.0
1.26e+15  1.23e-9 0.0 0.0
1.53e+15  1.42e-9 0.0 0.0
1.89e+15  1.65e-9 0.0 0.0
2.33e+15  1.92e-9 0.0 0.0
2.88e+15  2.20e-9 0.0 0.0
3.55e+15  2.51e-9 0.0 0.0
4.38e+15  2.76e-9 0.0 0.0
5.40e+15  3.02e-9 0.0 0.0
6.66e+15  3.29e-9 0.0 0.0
8.22e+15  3.53e-9 0.0 0.0
1.01e+16  3.77e-9 0.0 0.0
1.25e+16  4.06e-9 0.0 0.0
1.54e+16  4.32e-9 0.0 0.0
1.90e+16  4.52e-9 0.0 0.0
2.34e+16  4.66e-9 0.0 0.0
2.89e+16  4.69e-9 0.0 0.0
3.58e+16  4.51e-9 0.0 0.0
4.40e+16  4.39e-9 0.0 0.0
5.99e+16  4.04e-9 0.0 0.0
7.33e+16  3.87e-9 0.0 0.0
9.08e+16  3.68e-9 0.0 0.0
1.08e+17  3.32e-9 0.0 0.0
1.34e+17  3.10e-9 0.0 0.0
1.65e+17  2.81e-9 0.0 0.0
2.03e+17  2.55e-9 0.0 0.0
2.50e+17  2.23e-9 0.0 0.0
3.09e+17  1.92e-9 0.0 0.0
3.80e+17  1.63e-9 0.0 0.0
4.68e+17  1.39e-9 0.0 0.0
5.69e+17  1.20e-9 0.0 0.0
6.79e+17  1.03e-9 0.0 0.0
8.22e+17  8.86e-10 0.0 0.0
9.81e+17  7.62e-10 0.0 0.0
1.10e+18  6.64e-10 0.0 0.0
1.28e+18  5.91e-10 0.0 0.0
1.48e+18  5.04e-10 0.0 0.0
1.72e+18  4.29e-10 0.0 0.0
2.00e+18  3.64e-10 0.0 0.0