5.04314e+0  4.29226e-10
5.11098e+0  5.35679e-10
5.17430e+0  6.63531e-10
5.23309e+0  8.30020e-10
5.29641e+0  1.03458e-9
5.36426e+0  1.29625e-9
5.43662e+0  1.62993e-9
5.51803e+0  2.01845e-9
5.60396e+0  2.53444e-9
5.69442e+0  3.14852e-9
5.79392e+0  3.80833e-9
5.89342e+0  4.60641e-9
5.99292e+0  5.36272e-9
6.09243e+0  6.00356e-9
6.19193e+0  6.88195e-9
6.29143e+0  7.63451e-9
6.39797e+0  8.25204e-9
6.44973e+0  8.61321e-9
6.59898e+0  9.49872e-9
6.69848e+0  9.76170e-9
6.79798e+0  9.90492e-9
6.89748e+0  9.86892e-9
6.99698e+0  9.60305e-9
7.09649e+0  9.23441e-9
7.19599e+0  8.56239e-9
7.29549e+0  7.84588e-9
7.39499e+0  7.15667e-9
7.49449e+0  6.64190e-9
7.59399e+0  6.30605e-9
7.69350e+0  6.22053e-9
7.79300e+0  6.73935e-9
7.89250e+0  7.83874e-9
7.98748e+0  9.54900e-9
8.06889e+0  1.17190e-8
8.14578e+0  1.45545e-8
8.22719e+0  1.83240e-8
8.30860e+0  2.29673e-8
8.39001e+0  2.85004e-8
8.48046e+0  3.55243e-8
8.57996e+0  4.42793e-8
8.66929e+0  5.22998e-8
8.77897e+0  6.25227e-8
8.87847e+0  7.08918e-8
8.97797e+0  7.72955e-8
9.07747e+0  8.26066e-8
9.16276e+0  8.63636e-8
9.27647e+0  8.67688e-8
9.37598e+0  8.66110e-8
9.47548e+0  8.64535e-8
9.57498e+0  8.48937e-8
9.67448e+0  8.21567e-8
9.77398e+0  7.95079e-8
9.87348e+0  7.64558e-8
9.97298e+0  7.29873e-8
1.00725e+1  6.94230e-8
1.01720e+1  6.54939e-8
1.02715e+1  6.12273e-8
1.03710e+1  5.64623e-8
1.04705e+1  5.11288e-8
1.05700e+1  4.57128e-8
1.07690e+1  3.43165e-8
1.08685e+1  2.85524e-8
1.09635e+1  2.32812e-8
1.10494e+1  1.88828e-8
1.11263e+1  1.52041e-8
1.11987e+1  1.21675e-8
1.12665e+1  9.56814e-9
1.13253e+1  7.63798e-9
1.13796e+1  6.03644e-9
1.14293e+1  4.79466e-9
1.14746e+1  3.78551e-9
1.15198e+1  2.97682e-9
1.15605e+1  2.37275e-9
1.16012e+1  1.87804e-9
1.16419e+1  1.47094e-9
1.16781e+1  1.15670e-9
1.17143e+1  9.07324e-10
1.17504e+1  6.92379e-10
1.17821e+1  5.45832e-10
1.18092e+1  4.45279e-10
1.18364e+1  3.51325e-10
1.18635e+1  2.70794e-10
1.18907e+1  2.08723e-10
1.19178e+1  1.59809e-10
1.19449e+1  1.18341e-10
1.19630e+1  9.94845e-11
