# Source: Kotera  et  al. 1101.4256. Fig 12 SFR II
# Data type: Flux
# Column values:
# Energy [eV]
# Flux [GeV cm^-2 s^-1 sr^-1]
# Flux band minimum
# Flux band maximum

110443459017065.45  4.29226e-10 0.0 0.0
129115981213767.31  5.35678e-10 0.0 0.0
149382595166631.2  6.635311e-10 0.0 0.0
171036972283104.6  8.30019e-10 0.0 0.0
197883689911261.47  1.03458e-09 0.0 0.0
231344937332908.12  1.29625e-09 0.0 0.0
273287646123625.34  1.62993e-09 0.0 0.0
329632481596169.9  2.018448e-09 0.0 0.0
401753806251828.06  2.53444e-09 0.0 0.0
494788959030645.06  3.148522e-09 0.0 0.0
622185663777704.1  3.80832e-09 0.0 0.0
782384071319841.4  4.60641e-09 0.0 0.0
983829860910636.1  5.36272e-09 0.0 0.0
1237171765335557.5  6.00356e-09 0.0 0.0
1555714859786640.5  6.88195e-09 0.0 0.0
1956275428177528.2  7.63451e-09 0.0 0.0
2500172649923037.5  8.252041e-09 0.0 0.0
2816631292854456.0  8.613208e-09 0.0 0.0
3971732585437903.0  9.49872e-09 0.0 0.0
4994361797925984.0  9.7617e-09 0.0 0.0
6280294363229972.0  9.904921e-09 0.0 0.0
7897324800377381.0  9.86892e-09 0.0 0.0
9930703147898250.0  9.60305e-09 0.0 0.0
1.2487916897680518e+16  9.23441e-09 0.0 0.0
1.5703266458100032e+16  8.56239e-09 0.0 0.0
1.9746494109028796e+16  7.845881e-09 0.0 0.0
2.483075929701104e+16  7.156671e-09 0.0 0.0
3.1224105092365948e+16  6.641896e-09 0.0 0.0
3.926358945199362e+16  6.30605e-09 0.0 0.0
4.9374191824968184e+16  6.22053e-09 0.0 0.0
6.2086903423006376e+16  6.739351e-09 0.0 0.0
7.80728440137907e+16  7.83874e-09 0.0 0.0
9.715832074866414e+16  9.549e-09 0.0 0.0
1.1718985043916341e+17  1.171899e-08 0.0 0.0
1.3988785149584934e+17  1.45545e-08 0.0 0.0
1.6872910388665728e+17  1.8324e-08 0.0 0.0
2.0351667563669107e+17  2.296726e-08 0.0 0.0
2.4547654380973363e+17  2.850042e-08 0.0 0.0
3.02315211508843e+17  3.552434e-08 0.0 0.0
3.801543811956326e+17  4.42793e-08 0.0 0.0
4.669710960271986e+17  5.22998e-08 0.0 0.0
6.0113221130697e+17  6.25227e-08 0.0 0.0
7.55909842133365e+17  7.089181e-08 0.0 0.0
9.505391304714157e+17  7.72954e-08 0.0 0.0
1.1952809557385682e+18  8.260661e-08 0.0 0.0
1.4546549863700938e+18  8.63636e-08 0.0 0.0
1.8900356676388398e+18  8.67688e-08 0.0 0.0
2.376730831604944e+18  8.6611e-08 0.0 0.0
2.988684009805221e+18  8.64535e-08 0.0 0.0
3.7582009673487836e+18  8.48936e-08 0.0 0.0
4.725850730503251e+18  8.21567e-08 0.0 0.0
5.942647910804319e+18  7.95079e-08 0.0 0.0
7.472742201492771e+18  7.645581e-08 0.0 0.0
9.396800357033566e+18  7.29873e-08 0.0 0.0
1.181680312544783e+19  6.9423e-08 0.0 0.0
1.485935642287009e+19  6.54939e-08 0.0 0.0
1.8685296772558512e+19  6.122731e-08 0.0 0.0
2.34963282084831e+19  5.64623e-08 0.0 0.0
2.9546088884793352e+19  5.11288e-08 0.0 0.0
3.7153522909717275e+19  4.571281e-08 0.0 0.0
5.874893525297768e+19  3.43165e-08 0.0 0.0
7.38754262993635e+19  2.85524e-08 0.0 0.0
9.193904748039807e+19  2.328123e-08 0.0 0.0
1.1204693988178082e+20  1.88828e-08 0.0 0.0
1.3375191229856088e+20  1.52041e-08 0.0 0.0
1.580156128997187e+20  1.21675e-08 0.0 0.0
1.847140794909607e+20  9.56814e-09 0.0 0.0
2.114949490707636e+20  7.63798e-09 0.0 0.0
2.396624529408638e+20  6.03644e-09 0.0 0.0
2.68720005671711e+20  4.79466e-09 0.0 0.0
2.982634245778774e+20  3.78551e-09 0.0 0.0
3.309786650728407e+20  2.97682e-09 0.0 0.0
3.634963045460808e+20  2.37275e-09 0.0 0.0
3.992087024388083e+20  1.87804e-09 0.0 0.0
4.384297339745668e+20  1.47094e-09 0.0 0.0
4.765407017251344e+20  1.156702e-09 0.0 0.0
5.179645056050328e+20  9.07324e-10 0.0 0.0
5.628594992827307e+20  6.92378e-10 0.0 0.0
6.054802756898621e+20  5.45832e-10 0.0 0.0
6.444659847416891e+20  4.452793e-10 0.0 0.0
6.861198752817047e+20  3.513247e-10 0.0 0.0
7.302978128733656e+20  2.707944e-10 0.0 0.0
7.77499288015975e+20  2.08723e-10 0.0 0.0
8.275609700353532e+20  1.598088e-10 0.0 0.0
8.808460273622606e+20  1.18341e-10 0.0 0.0
9.183325964835792e+20  9.94845e-11 0.0 0.0