# Source: Righi et al (2020), https://arxiv.org/pdf/2003.08701.pdf, right solid red line
# Data type: Flux
# Column values:
# Energy [GeV]
# Flux [GeV cm^-2 s^-1 sr^-1]
# Flux band minimum
# Flux band maximum


29747545.27  1.03E-11 0 0
29913946.85  1.26E-11 0 0
31806958.12  2.14E-11 0 0
30845934.17  1.66E-11 0 0
30221437.7  1.48E-11 0 0
33135059.14  2.72E-11 0 0
35231908.5  3.31E-11 0 0
36329580.17  4.05E-11 0 0
38235554.73  5.53E-11 0 0
35959941.45  4.59E-11 0 0
41921809.92  8.76E-11 0 0
40655173.13  6.97E-11 0 0
45651149.56  1.32E-10 0 0
43523636.02  1.07E-10 0 0
50118003.03  2.23E-10 0 0
48473898.65  1.71E-10 0 0
46913243.48  1.54E-10 0 0
54134621.61  2.96E-10 0 0
57855443.43  3.92E-10 0 0
63060078.59  5.24E-10 0 0
67485740.83  6.62E-10 0 0
72083256.12  7.83E-10 0 0
76449115.45  9.44E-10 0 0
81495050.85  1.14E-09 0 0
87991710.34  1.39E-09 0 0
96340465.99  1.79E-09 0 0
110757547.9  2.41E-09 0 0
132174038.5  3.00E-09 0 0
149134385.9  3.66E-09 0 0
168847954.7  4.33E-09 0 0
196068858.7  5.08E-09 0 0
247607457.3  5.80E-09 0 0
305881154.5  6.63E-09 0 0
385677699  7.16E-09 0 0
482986952.4  7.31E-09 0 0
604848029.3  7.50E-09 0 0
757455531.1  7.63E-09 0 0
948567001.6  7.77E-09 0 0
1187897269  7.77E-09 0 0
1487612281  7.80E-09 0 0
1862947543  7.74E-09 0 0
2332982588  7.68E-09 0 0
2921610851  7.69E-09 0 0
3658754251  7.58E-09 0 0
4581884226  7.45E-09 0 0
5737926523  7.30E-09 0 0
7185646594  7.09E-09 0 0
8998636837  6.86E-09 0 0
11269057539  6.56E-09 0 0
14112321690  6.20E-09 0 0
17672961807  5.84E-09 0 0
22131976997  5.36E-09 0 0
27716033745  4.85E-09 0 0
34708988115  4.30E-09 0 0
43024062990  3.69E-09 0 0
52788519925  3.15E-09 0 0
62812103924  2.62E-09 0 0
72480801291  2.21E-09 0 0
83637805894  1.85E-09 0 0
95530241001  1.57E-09 0 0
105816868673  1.31E-09 0 0
114838135225  1.10E-09 0 0
124628497018  9.33E-10 0 0
135253522174  7.88E-10 0 0
146784368729  6.66E-10 0 0
159298261198  5.62E-10 0 0
172879007761  4.70E-10 0 0
181948834270  3.92E-10 0 0
193462901488  3.17E-10 0 0
204029513366  2.60E-10 0 0
218084883395  2.11E-10 0 0
232564249908  1.67E-10 0 0
245266510376  1.37E-10 0 0
262162652028  1.11E-10 0 0
279568485324  8.75E-11 0 0
294838036515  7.18E-11 0 0
312216153181  5.96E-11 0 0
320957225577  4.82E-11 0 0
332653478049  3.86E-11 0 0
346543439494  2.91E-11 0 0
361013376925  2.19E-11 0 0
376087507266  1.65E-11 0 0
391791058620  1.24E-11 0 0
408150312492  1.01E-11 0 0