# Source: van Vliet et. al.
# Data type: Flux
# Column values:
# Energy [GeV]
# Flux [GeV cm^-2 s^-1 sr^-1]
# Flux band minimum
# Flux band maximum

0.01122018454301963	0.0	0.0	0.0
0.014125375446227528	0.0	0.0	0.0
0.01778279410038919	0.0	0.0	0.0
0.022387211385683333	0.0	0.0	0.0
0.028183829312644435	0.0	0.0	0.0
0.03548133892335739	0.0	0.0	0.0
0.04466835921509608	0.0	0.0	0.0
0.05623413251903457	0.0	0.0	0.0
0.0707945784384133	0.0	0.0	0.0
0.08912509381337387	0.0	0.0	0.0
0.11220184543019562	0.0	0.0	0.0
0.1412537544622738	0.0	0.0	0.0
0.17782794100389082	0.0	0.0	0.0
0.22387211385683106	0.0	0.0	0.0
0.28183829312644265	0.0	0.0	0.0
0.35481338923357025	0.0	0.0	0.0
0.44668359215095804	0.0	0.0	0.0
0.56234132519034	0.0	0.0	0.0
0.7079457843841287	0.0	0.0	0.0
0.8912509381337295	0.0	0.0	0.0
1.122018454301947	0.0	0.0	0.0
1.4125375446227268	0.0	0.0	0.0
1.778279410038894	0.0	0.0	0.0
2.2387211385682924	0.0	0.0	0.0
2.818382931264403	0.0	0.0	0.0
3.5481338923356733	0.0	0.0	0.0
4.466835921509544	0.0	0.0	0.0
5.6234132519033535	0.0	0.0	0.0
7.079457843841229	0.0	0.0	0.0
8.912509381337221	0.0	0.0	0.0
11.220184543019377	0.0	0.0	0.0
14.125375446227151	0.0	0.0	0.0
17.78279410038879	0.0	0.0	0.0
22.387211385682736	0.0	0.0	0.0
28.1838293126438	0.0	0.0	0.0
35.48133892335645	0.0	0.0	0.0
44.66835921509507	0.0	0.0	0.0
56.23413251903307	0.0	0.0	0.0
70.79457843841172	0.0	0.0	0.0
89.12509381337149	0.0	0.0	0.0
112.20184543019286	0.0	0.0	0.0
141.25375446227036	0.0	0.0	0.0
177.82794100388648	0.0	0.0	0.0
223.87211385682554	0.0	0.0	0.0
281.8382931264357	0.0	0.0	0.0
354.81338923356157	0.0	0.0	0.0
446.68359215094705	0.0	0.0	0.0
562.3413251903261	0.0	0.0	0.0
707.9457843841113	0.0	0.0	0.0
891.2509381337077	0.0	0.0	0.0
1122.0184543019195	0.0	0.0	0.0
1412.537544622692	0.0	0.0	0.0
1778.2794100388503	0.0	0.0	0.0
2238.721138568237	0.0	0.0	0.0
2818.3829312643343	0.0	0.0	0.0
3548.1338923355866	0.0	0.0	0.0
4466.835921509434	0.0	0.0	0.0
5623.4132519032155	0.0	0.0	0.0
7079.457843841055	0.0	0.0	0.0
8912.509381337004	0.0	0.0	0.0
11220.184543019102	0.0	0.0	0.0
14125.375446226804	0.0	0.0	0.0
17782.794100388357	0.0	0.0	0.0
22387.21138568219	0.0	0.0	0.0
28183.829312643113	0.0	0.0	0.0
35481.33892335557	0.0	0.0	0.0
44668.35921509398	1.741653194556044e-12	1.741653194556044e-13	2.7896005077779537e-11
56234.13251903169	2.1587020686216007e-12	2.1587020686216006e-13	3.425074677687048e-11
70794.57843840997	2.447268994728905e-12	2.447268994728905e-13	3.856470290832725e-11
89125.0938133693	2.584272458552283e-12	2.584272458552283e-13	4.034437060051336e-11
112201.84543019012	2.85390205645007e-12	2.8539020564500697e-13	4.438159611509318e-11
141253.7544622669	3.327168435990729e-12	3.3271684359907293e-13	5.2309014669929123e-11
177827.9410038821	4.172712603503881e-12	4.1727126035038813e-13	6.622677397819861e-11
223872.11385682004	5.938481652703658e-12	5.938481652703658e-13	9.609910594408384e-11
281838.29312642885	7.762773368485302e-12	7.762773368485301e-13	1.2472146108375027e-10
354813.38923355285	1.0413558864961331e-11	1.041355886496133e-12	1.6903522329619663e-10
446683.5921509361	1.8289238275174457e-11	1.828923827517446e-12	3.017446741415839e-10
562341.3251903122	2.5828974953416903e-11	2.5828974953416904e-12	4.278267037128287e-10
707945.784384094	4.471295946504939e-11	4.471295946504939e-12	7.44217309085274e-10
891250.9381336858	6.611517999536621e-11	6.611517999536621e-12	1.1024509230638873e-09
1122018.4543018918	9.727058594099344e-11	9.727058594099344e-12	1.6091642398493604e-09
1412537.5446226574	1.4050461636504368e-10	1.4050461636504368e-11	2.3155463457704762e-09
1778279.4100388065	2.0148809768770186e-10	2.0148809768770184e-11	3.3194509984126103e-09
2238721.138568182	2.6725043178674314e-10	2.6725043178674314e-11	4.3661617940140325e-09
2818382.931264265	3.286682977374635e-10	3.286682977374635e-11	5.293271739110868e-09
3548133.892335499	3.814006504211717e-10	3.814006504211717e-11	6.065733451586584e-09
4466835.921509325	4.139453520741058e-10	4.1394535207410575e-11	6.454433705589189e-09
5623413.251903078	4.1385476068218426e-10	4.138547606821842e-11	6.3244741687554095e-09
7079457.843840881	4.232163656819923e-10	4.232163656819923e-11	6.349236608530585e-09
8912509.381336786	4.2314947983335313e-10	4.2314947983335316e-11	6.206740597290642e-09
11220184.543018827	3.8701238357122873e-10	3.870123835712287e-11	5.5780937567854474e-09
14125375.446226457	3.39018475231776e-10	3.3901847523177605e-11	4.6313074908903276e-09
17782794.10038792	3.109943365662648e-10	3.109943365662648e-11	4.133868647123317e-09
22387211.38568164	2.7766647008225673e-10	2.7766647008225673e-11	3.5565274495401127e-09
28183829.312642418	2.44818546927228e-10	2.44818546927228e-11	2.971312606612189e-09
35481338.9233547	2.41973841143796e-10	2.41973841143796e-11	2.8347031475527315e-09
44668359.21509288	2.3948878245887095e-10	2.3948878245887095e-11	2.7221159286809807e-09
56234132.51903031	2.6771059359788307e-10	2.6771059359788307e-11	2.9920916408474097e-09
70794578.43840824	3.249759138210736e-10	3.249759138210736e-11	3.579459957184782e-09
89125093.81336713	4.1065369487221486e-10	4.106536948722149e-11	4.457032942861875e-09
112201845.43018734	5.230454365765723e-10	5.230454365765723e-11	5.558867507891881e-09
141253754.4622634	6.623599803431256e-10	6.623599803431256e-11	6.87694575833706e-09
177827941.00387773	8.307759385257467e-10	8.307759385257467e-11	8.398442277368486e-09
223872113.85681456	1.0170357286436836e-09	1.0170357286436835e-10	9.9646242407541e-09
281838293.12642187	1.2048963074500042e-09	1.2048963074500042e-10	1.1331601656349777e-08
354813389.2335442	1.3678186795495498e-09	1.3678186795495499e-10	1.22711895923665e-08
446683592.15092516	1.5132483589012161e-09	1.5132483589012162e-10	1.2894957515035141e-08
562341325.1902986	1.6035357848597134e-09	1.6035357848597135e-10	1.2828615180585825e-08
707945784.3840766	1.6460058193034148e-09	1.6460058193034148e-10	1.5669068998608935e-08
891250938.1336639	1.628051807247976e-09	1.628051807247976e-10	1.9009847315329575e-08
1122018454.3018644	1.5512640821475197e-09	1.5512640821475196e-10	2.261767766121227e-08
1412537544.6226225	1.4284499091747686e-09	1.4284499091747686e-10	2.6404389721062586e-08
1778279410.0387628	1.2828274514628766e-09	1.2828274514628766e-10	3.03890661078924e-08
2238721138.568127	1.1118970732897776e-09	1.1118970732897775e-10	3.457207065935179e-08
2818382931.264196	9.269140113768132e-10	9.269140113768132e-11	3.8698082632101526e-08
3548133892.3354125	7.468648939266765e-10	7.468648939266765e-11	4.2821424653574036e-08
4466835921.509215	5.803832200763699e-10	5.8038322007636985e-11	4.673155637555514e-08
5623413251.90294	4.3298752761946284e-10	4.3298752761946285e-11	5.0413299996020294e-08
7079457843.840708	3.147213469378863e-10	3.1472134693788627e-11	5.3709984001306056e-08
8912509381.336567	2.1797121849349357e-10	2.1797121849349357e-11	5.6125597137132685e-08
11220184543.018553	1.4542754892345734e-10	1.4542754892345734e-11	5.7538141438228997e-08
14125375446.22611	9.253223495220467e-11	9.253223495220466e-12	5.79900942396656e-08
17782794100.38748	5.662859985748023e-11	5.6628599857480225e-12	5.715123923130175e-08
22387211385.68109	3.27345802455768e-11	3.27345802455768e-12	5.510025509112455e-08
28183829312.641727	1.8043973442944913e-11	1.8043973442944914e-12	5.179909101363596e-08
35481338923.35383	9.063845530471716e-12	9.063845530471715e-13	4.6753869286261155e-08
44668359215.09178	4.477012690553499e-12	4.4770126905534993e-13	4.151941772874074e-08
56234132519.02893	2.0799272136142256e-12	2.0799272136142256e-13	3.565541376781356e-08
70794578438.4065	8.711200053721535e-13	8.711200053721535e-14	2.929885588043766e-08
89125093813.36494	3.357850771448404e-13	3.357850771448404e-14	2.320716104133283e-08
112201845430.1846	1.2639918455206762e-13	1.2639918455206762e-14	1.7617088789143946e-08
141253754462.25995	3.7804155865692035e-14	3.780415586569204e-15	1.278221203301194e-08
177827941003.87335	1.042912273096392e-14	1.042912273096392e-15	8.755563500334158e-09
223872113856.80905	2.462494022137369e-15	2.462494022137369e-16	5.72806220079356e-09
281838293126.415	5.323542841223054e-16	5.323542841223054e-17	3.6043927427844967e-09
354813389233.5354	6.9668955480913e-17	6.9668955480913e-18	2.076735045489078e-09
446683592150.9142	1.1294661657203647e-17	1.1294661657203646e-18	1.131280157953165e-09
562341325190.2848	7.170117130147023e-19	7.170117130147022e-20	5.903138589063679e-10
707945784384.0592	4.4184305870981844e-20	4.4184305870981845e-21	2.6802675196287033e-10
891250938133.642	3.3028991442904624e-21	3.3028991442904624e-22	1.1155809973946848e-10
1122018454301.8367	2.528970162908518e-23	2.5289701629085177e-24	4.217049059496936e-11
1412537544622.5881	2.332369256147077e-24	2.332369256147077e-25	1.5467249624342893e-11
1778279410038.7192	5.584746512769212e-28	5.584746512769212e-29	4.658817696895335e-12
2238721138568.0723	2.3960569996310396e-31	2.3960569996310397e-32	1.3675642485715923e-12
2818382931264.127	4.433228382940094e-37	4.4332283829400937e-38	2.7610615237761654e-13
3548133892335.325	1.520470506029527e-42	1.5204705060295268e-43	3.649441781713529e-14
4466835921509.105	6.805050061579287e-51	6.805050061579287e-52	6.066835417390372e-15
5623413251902.802	4.561466664947315e-56	4.5614666649473153e-57	8.362572178054655e-16
7079457843840.533	4.687509629132631e-63	4.687509629132631e-64	8.370976486275825e-17
8912509381336.348	9.84120851812489e-72	9.841208518124891e-73	1.090186064437636e-17
11220184543018.275	4.347180070929436e-95	4.347180070929436e-96	6.215319762646485e-20
14125375446225.766	6.514845572893557e-136	6.514845572893558e-137	7.736107023594167e-24
17782794100387.047	1.1361950904114207e-146	1.1361950904114207e-147	7.773170241798257e-25
22387211385680.54	4.646941473417238e-209	4.646941473417238e-210	2.0540926046533488e-30
28183829312641.035	2.4427025272492428e-256	2.442702527249243e-257	1.1089748186317519e-35
35481338923352.96	2.039826147412975e-298	2.039826147412975e-299	8.193282587571544e-40
44668359215090.69	0.0	0.0	1.3875091827312233e-50
56234132519027.555	0.0	0.0	2.0862843891346955e-58
70794578438404.77	0.0	0.0	3.5496030665536364e-72
89125093813362.75	0.0	0.0	6.275853401813206e-79
112201845430181.86	0.0	0.0	1.0571712520834673e-111
141253754462256.5	0.0	0.0	3.764401957719577e-123
177827941003869.0	0.0	0.0	4.4950851846312173e-125
223872113856803.6	0.0	0.0	2.9250831186301527e-164
281838293126408.06	0.0	0.0	1.1578400147345426e-254
354813389233526.75	0.0	0.0	3.2414725815717394e-247
446683592150903.2	0.0	0.0	0.0
562341325190270.94	0.0	0.0	0.0
707945784384041.9	0.0	0.0	0.0
