# Source: van Vliet et. al. Phys. Rev. D 100, 021302 (2019) (arXiv:1901.01899), alpha=2.0. E=10^5
# Data type: Flux
# Column values:
# Energy [GeV]
# Flux [GeV cm^-2 s^-1 sr^-1]
# Flux band minimum
# Flux band maximum

9.30967e+4  5.58938e-11 0.0 0.0
1.13016e+5  6.19716e-11 0.0 0.0
1.37197e+5  6.84104e-11 0.0 0.0
1.66551e+5  7.49915e-11 0.0 0.0
1.99155e+5  8.95752e-11 0.0 0.0
2.09441e+5  1.15386e-10 0.0 0.0
2.41158e+5  1.42766e-10 0.0 0.0
2.85117e+5  1.66564e-10 0.0 0.0
3.28708e+5  2.01288e-10 0.0 0.0
3.69074e+5  2.46364e-10 0.0 0.0
3.95039e+5  3.07111e-10 0.0 0.0
4.23896e+5  4.10150e-10 0.0 0.0
4.79561e+5  5.15266e-10 0.0 0.0
5.57072e+5  6.25448e-10 0.0 0.0
6.29115e+5  7.78507e-10 0.0 0.0
7.06729e+5  9.59414e-10 0.0 0.0
7.99535e+5  1.18561e-9 0.0 0.0
8.96592e+5  1.44813e-9 0.0 0.0
9.96608e+5  1.79530e-9 0.0 0.0
1.10778e+6  2.22214e-9 0.0 0.0
1.25325e+6  2.73616e-9 0.0 0.0
1.45581e+6  3.40439e-9 0.0 0.0
1.72119e+6  4.18550e-9 0.0 0.0
2.07112e+6  5.13265e-9 0.0 0.0
2.51425e+6  6.10328e-9 0.0 0.0
3.05220e+6  7.06948e-9 0.0 0.0
3.70525e+6  7.99051e-9 0.0 0.0
4.49803e+6  8.35506e-9 0.0 0.0
5.46042e+6  8.10313e-9 0.0 0.0
6.62874e+6  7.67536e-9 0.0 0.0
8.04702e+6  7.18796e-9 0.0 0.0
9.76876e+6  6.42655e-9 0.0 0.0
1.18589e+7  5.63134e-9 0.0 0.0
1.43962e+7  4.96918e-9 0.0 0.0
1.74764e+7  4.33151e-9 0.0 0.0
2.10295e+7  3.54706e-9 0.0 0.0
2.48629e+7  2.87832e-9 0.0 0.0
2.87967e+7  2.41540e-9 0.0 0.0
3.60002e+7  2.11591e-9 0.0 0.0
4.37028e+7  1.86711e-9 0.0 0.0
5.30535e+7  1.69582e-9 0.0 0.0
6.44048e+7  1.65190e-9 0.0 0.0
7.81849e+7  1.71372e-9 0.0 0.0
9.60786e+7  1.79951e-9 0.0 0.0
1.15221e+8  2.14198e-9 0.0 0.0
1.40444e+8  2.34031e-9 0.0 0.0
1.72463e+8  2.56137e-9 0.0 0.0
2.08977e+8  2.92329e-9 0.0 0.0
2.51015e+8  3.27386e-9 0.0 0.0
3.03776e+8  3.71746e-9 0.0 0.0
3.68772e+8  3.98053e-9 0.0 0.0
4.47674e+8  4.23411e-9 0.0 0.0
5.43459e+8  4.32293e-9 0.0 0.0
6.59737e+8  4.35812e-9 0.0 0.0
8.21317e+8  4.28093e-9 0.0 0.0
1.11360e+9  3.81621e-9 0.0 0.0
1.45462e+9  3.45230e-9 0.0 0.0
1.73937e+9  2.98400e-9 0.0 0.0
2.11153e+9  2.57843e-9 0.0 0.0
2.56331e+9  2.16647e-9 0.0 0.0
3.11176e+9  1.78096e-9 0.0 0.0
3.74441e+9  1.44395e-9 0.0 0.0
4.42695e+9  1.16747e-9 0.0 0.0
5.14247e+9  9.51697e-10 0.0 0.0
5.92122e+9  7.72909e-10 0.0 0.0
6.75808e+9  6.27385e-10 0.0 0.0
7.64554e+9  5.09786e-10 0.0 0.0
8.64953e+9  4.10827e-10 0.0 0.0
9.69951e+9  3.31154e-10 0.0 0.0
1.07815e+10  2.69699e-10 0.0 0.0
1.19842e+10  2.16501e-10 0.0 0.0
1.33211e+10  1.72684e-10 0.0 0.0
1.48070e+10  1.36417e-10 0.0 0.0
1.63144e+10  1.08913e-10 0.0 0.0
1.78174e+10  8.86442e-11 0.0 0.0
1.94590e+10  7.09085e-11 0.0 0.0
2.12518e+10  5.83825e-11 0.0 0.0
