# Source: van Vliet et. al. Phys. Rev. D 100, 021302 (2019) (arXiv:1901.01899), alpha=2.9, E=10^3EeV
# Data type: Flux
# Column values:
# Energy [GeV]
# Flux [GeV cm^-2 s^-1 sr^-1]
# Flux band minimum
# Flux band maximum

2.022e+5  6.194e-11 0.0 0.0
2.424e+5  8.424e-11 0.0 0.0
2.752e+5  9.382e-11 0.0 0.0
3.015e+5  1.526e-10 0.0 0.0
3.169e+5  1.165e-10 0.0 0.0
3.617e+5  1.578e-10 0.0 0.0
3.950e+5  1.835e-10 0.0 0.0
4.331e+5  2.492e-10 0.0 0.0
4.549e+5  2.763e-10 0.0 0.0
5.522e+5  3.601e-10 0.0 0.0
6.471e+5  4.802e-10 0.0 0.0
7.067e+5  5.352e-10 0.0 0.0
8.250e+5  7.232e-10 0.0 0.0
9.045e+5  8.006e-10 0.0 0.0
1.014e+6  1.080e-9 0.0 0.0
1.168e+6  1.380e-9 0.0 0.0
1.291e+6  1.617e-9 0.0 0.0
1.511e+6  2.039e-9 0.0 0.0
1.721e+6  2.290e-9 0.0 0.0
1.999e+6  2.846e-9 0.0 0.0
2.402e+6  3.386e-9 0.0 0.0
2.870e+6  3.767e-9 0.0 0.0
4.229e+6  4.664e-9 0.0 0.0
5.737e+6  4.435e-9 0.0 0.0
6.513e+6  4.394e-9 0.0 0.0
8.681e+6  3.878e-9 0.0 0.0
9.855e+6  3.731e-9 0.0 0.0
1.273e+7  3.010e-9 0.0 0.0
1.522e+7  2.797e-9 0.0 0.0
1.857e+7  2.336e-9 0.0 0.0
2.198e+7  1.961e-9 0.0 0.0
2.559e+7  1.625e-9 0.0 0.0
3.127e+7  1.345e-9 0.0 0.0
3.707e+7  1.273e-9 0.0 0.0
4.527e+7  1.113e-9 0.0 0.0
5.856e+7  1.067e-9 0.0 0.0
6.850e+7  1.082e-9 0.0 0.0
9.091e+7  1.253e-9 0.0 0.0
1.059e+8  1.428e-9 0.0 0.0
1.327e+8  1.703e-9 0.0 0.0
1.528e+8  1.911e-9 0.0 0.0
1.871e+8  2.268e-9 0.0 0.0
2.416e+8  2.782e-9 0.0 0.0
3.268e+8  3.347e-9 0.0 0.0
4.889e+8  4.179e-9 0.0 0.0
5.935e+8  4.314e-9 0.0 0.0
6.834e+8  4.269e-9 0.0 0.0
8.863e+8  4.233e-9 0.0 0.0
1.119e+9  4.218e-9 0.0 0.0
1.255e+9  4.094e-9 0.0 0.0
1.650e+9  4.006e-9 0.0 0.0
1.979e+9  3.640e-9 0.0 0.0
3.106e+9  3.044e-9 0.0 0.0
4.667e+9  2.427e-9 0.0 0.0
5.633e+9  1.941e-9 0.0 0.0
6.582e+9  1.758e-9 0.0 0.0
8.589e+9  1.393e-9 0.0 0.0
1.021e+10  1.207e-9 0.0 0.0
1.290e+10  9.655e-10 0.0 0.0
1.527e+10  8.205e-10 0.0 0.0
1.862e+10  6.638e-10 0.0 0.0
2.397e+10  4.925e-10 0.0 0.0
2.880e+10  3.997e-10 0.0 0.0
3.481e+10  3.158e-10 0.0 0.0
4.263e+10  2.365e-10 0.0 0.0
5.041e+10  1.924e-10 0.0 0.0
5.703e+10  1.521e-10 0.0 0.0
6.451e+10  1.315e-10 0.0 0.0
7.087e+10  1.076e-10 0.0 0.0
7.901e+10  9.241e-11 0.0 0.0
8.860e+10  7.566e-11 0.0 0.0
9.677e+10  6.077e-11 0.0 0.0
