bkg,Sup_normal,Sup_TMath
0.000010,2.300000,2.310000
0.001010,2.300000,2.310000
0.002010,2.310000,2.310000
0.003010,2.310000,2.310000
0.004010,2.310000,2.310000
0.005010,2.310000,2.320000
0.006010,2.310000,2.320000
0.007010,2.320000,2.320000
0.008010,2.320000,2.320000
0.009010,2.320000,2.320000
0.010010,2.320000,2.320000
0.011010,2.320000,2.330000
0.012010,2.330000,2.330000
0.013010,2.330000,2.330000
0.014010,2.330000,2.330000
0.015010,2.330000,2.330000
0.016010,2.330000,2.330000
0.017010,2.340000,2.340000
0.018010,2.340000,2.340000
0.019010,2.340000,2.340000
0.020010,2.340000,2.340000
0.021010,2.340000,2.340000
0.022010,2.340000,2.340000
0.023010,2.340000,2.350000
0.024010,2.350000,2.350000
0.025010,2.350000,2.350000
0.026010,2.350000,2.350000
0.027010,2.350000,2.350000
0.028010,2.350000,2.350000
0.029010,2.350000,2.350000
0.030010,2.360000,2.360000
0.031010,2.360000,2.360000
0.032010,2.360000,2.360000
0.033010,2.360000,2.360000
0.034010,2.360000,2.360000
0.035010,2.360000,2.360000
0.036010,2.370000,2.370000
0.037010,2.370000,2.370000
0.038010,2.370000,2.370000
0.039010,2.370000,2.370000
0.040010,2.370000,2.370000
0.041010,2.370000,2.370000
0.042010,2.370000,2.370000
0.043010,2.380000,2.380000
0.044010,2.380000,2.380000
0.045010,2.380000,2.380000
0.046010,2.380000,2.380000
0.047010,2.380000,2.380000
0.048010,2.380000,2.380000
0.049010,2.380000,2.380000
0.050010,2.390000,2.390000
0.051010,2.390000,2.390000
0.052010,2.390000,2.390000
0.053010,2.390000,2.390000
0.054010,2.390000,2.390000
0.055010,2.390000,2.390000
0.056010,2.400000,2.400000
0.057010,2.400000,2.400000
0.058010,2.400000,2.400000
0.059010,2.400000,2.400000
0.060010,2.400000,2.400000
0.061010,2.400000,2.400000
0.062010,2.400000,2.400000
0.063010,2.410000,2.410000
0.064010,2.410000,2.410000
0.065010,2.410000,2.410000
0.066010,2.410000,2.410000
0.067010,2.410000,2.410000
0.068010,2.410000,2.410000
0.069010,2.410000,2.410000
0.070010,2.420000,2.420000
0.071010,2.420000,2.420000
0.072010,2.420000,2.420000
0.073010,2.420000,2.420000
0.074010,2.420000,2.420000
0.075010,2.420000,2.420000
0.076010,2.420000,2.420000
0.077010,2.420000,2.420000
0.078010,2.430000,2.430000
0.079010,2.430000,2.430000
0.080010,2.430000,2.430000
0.081010,2.430000,2.430000
0.082010,2.430000,2.430000
0.083010,2.430000,2.430000
0.084010,2.430000,2.430000
0.085010,2.440000,2.440000
0.086010,2.440000,2.440000
0.087010,2.440000,2.440000
0.088010,2.440000,2.440000
0.089010,2.440000,2.440000
0.090010,2.440000,2.440000
0.091010,2.440000,2.440000
0.092010,2.450000,2.450000
0.093010,2.450000,2.450000
0.094010,2.450000,2.450000
0.095010,2.450000,2.450000
0.096010,2.450000,2.450000
0.097010,2.450000,2.450000
0.098010,2.450000,2.450000
0.099010,2.450000,2.450000
0.100010,2.460000,2.460000
0.101010,2.460000,2.460000
0.102010,2.460000,2.460000
0.103010,2.460000,2.460000
0.104010,2.460000,2.460000
0.105010,2.460000,2.460000
0.106010,2.460000,2.460000
0.107010,2.470000,2.470000
0.108010,2.470000,2.470000
0.109010,2.470000,2.470000
0.110010,2.470000,2.470000
0.111010,2.470000,2.470000
0.112010,2.470000,2.470000
0.113010,2.470000,2.470000
0.114010,2.470000,2.470000
0.115010,2.480000,2.480000
0.116010,2.480000,2.480000
0.117010,2.480000,2.480000
0.118010,2.480000,2.480000
0.119010,2.480000,2.480000
0.120010,2.480000,2.480000
0.121010,2.480000,2.480000
0.122010,2.480000,2.480000
0.123010,2.490000,2.490000
0.124010,2.490000,2.490000
0.125010,2.490000,2.490000
0.126010,2.490000,2.490000
0.127010,2.490000,2.490000
0.128010,2.490000,2.490000
0.129010,2.490000,2.490000
0.130010,2.500000,2.500000
0.131010,2.500000,2.500000
0.132010,2.500000,2.500000
0.133010,2.500000,2.500000
0.134010,2.500000,2.500000
0.135010,2.500000,2.500000
0.136010,2.500000,2.500000
0.137010,2.500000,2.500000
0.138010,2.510000,2.510000
0.139010,2.510000,2.510000
0.140010,2.510000,2.510000
0.141010,2.510000,2.510000
0.142010,2.510000,2.510000
0.143010,2.510000,2.510000
0.144010,2.510000,2.510000
0.145010,2.510000,2.510000
0.146010,2.520000,2.520000
0.147010,2.520000,2.520000
0.148010,2.520000,2.520000
0.149010,2.520000,2.520000
0.150010,2.520000,2.520000
0.151010,2.520000,2.520000
0.152010,2.520000,2.520000
0.153010,2.520000,2.520000
0.154010,2.520000,2.520000
0.155010,2.530000,2.530000
0.156010,2.530000,2.530000
0.157010,2.530000,2.530000
0.158010,2.530000,2.530000
0.159010,2.530000,2.530000
0.160010,2.530000,2.530000
0.161010,2.530000,2.530000
0.162010,2.530000,2.530000
0.163010,2.540000,2.540000
0.164010,2.540000,2.540000
0.165010,2.540000,2.540000
0.166010,2.540000,2.540000
0.167010,2.540000,2.540000
0.168010,2.540000,2.540000
0.169010,2.540000,2.540000
0.170010,2.540000,2.540000
0.171010,2.550000,2.550000
0.172010,2.550000,2.550000
0.173010,2.550000,2.550000
0.174010,2.550000,2.550000
0.175010,2.550000,2.550000
0.176010,2.550000,2.550000
0.177010,2.550000,2.550000
0.178010,2.550000,2.550000
0.179010,2.560000,2.560000
0.180010,2.560000,2.560000
0.181010,2.560000,2.560000
0.182010,2.560000,2.560000
0.183010,2.560000,2.560000
0.184010,2.560000,2.560000
0.185010,2.560000,2.560000
0.186010,2.560000,2.560000
0.187010,2.560000,2.560000
0.188010,2.570000,2.570000
0.189010,2.570000,2.570000
0.190010,2.570000,2.570000
0.191010,2.570000,2.570000
0.192010,2.570000,2.570000
0.193010,2.570000,2.570000
0.194010,2.570000,2.570000
0.195010,2.570000,2.570000
0.196010,2.580000,2.580000
0.197010,2.580000,2.580000
0.198010,2.580000,2.580000
0.199010,2.580000,2.580000
0.200010,2.580000,2.580000
0.201010,2.580000,2.580000
0.202010,2.580000,2.580000
0.203010,2.580000,2.580000
0.204010,2.580000,2.580000
0.205010,2.590000,2.590000
0.206010,2.590000,2.590000
0.207010,2.590000,2.590000
0.208010,2.590000,2.590000
0.209010,2.590000,2.590000
0.210010,2.590000,2.590000
0.211010,2.590000,2.590000
0.212010,2.590000,2.590000
0.213010,2.590000,2.590000
0.214010,2.600000,2.600000
0.215010,2.600000,2.600000
0.216010,2.600000,2.600000
0.217010,2.600000,2.600000
0.218010,2.600000,2.600000
0.219010,2.600000,2.600000
0.220010,2.600000,2.600000
0.221010,2.600000,2.600000
0.222010,2.600000,2.600000
0.223010,2.610000,2.610000
0.224010,2.610000,2.610000
0.225010,2.610000,2.610000
0.226010,2.610000,2.610000
0.227010,2.610000,2.610000
0.228010,2.610000,2.610000
0.229010,2.610000,2.610000
0.230010,2.610000,2.610000
0.231010,2.610000,2.610000
0.232010,2.620000,2.620000
0.233010,2.620000,2.620000
0.234010,2.620000,2.620000
0.235010,2.620000,2.620000
0.236010,2.620000,2.620000
0.237010,2.620000,2.620000
0.238010,2.620000,2.620000
0.239010,2.620000,2.620000
0.240010,2.620000,2.620000
0.241010,2.630000,2.630000
0.242010,2.630000,2.630000
0.243010,2.630000,2.630000
0.244010,2.630000,2.630000
0.245010,2.630000,2.630000
0.246010,2.630000,2.630000
0.247010,2.630000,2.630000
0.248010,2.630000,2.630000
0.249010,2.630000,2.630000
0.250010,2.640000,2.640000
0.251010,2.640000,2.640000
0.252010,2.640000,2.640000
0.253010,2.640000,2.640000
0.254010,2.640000,2.640000
0.255010,2.640000,2.640000
0.256010,2.640000,2.640000
0.257010,2.640000,2.640000
0.258010,2.640000,2.640000
0.259010,2.650000,2.650000
0.260010,2.650000,2.650000
0.261010,2.650000,2.650000
0.262010,2.650000,2.650000
0.263010,2.650000,2.650000
0.264010,2.650000,2.650000
0.265010,2.650000,2.650000
0.266010,2.650000,2.650000
0.267010,2.650000,2.650000
0.268010,2.660000,2.660000
0.269010,2.660000,2.660000
0.270010,2.660000,2.660000
0.271010,2.660000,2.660000
0.272010,2.660000,2.660000
0.273010,2.660000,2.660000
0.274010,2.660000,2.660000
0.275010,2.660000,2.660000
0.276010,2.660000,2.660000
0.277010,2.670000,2.670000
0.278010,2.670000,2.670000
0.279010,2.670000,2.670000
0.280010,2.670000,2.670000
0.281010,2.670000,2.670000
0.282010,2.670000,2.670000
0.283010,2.670000,2.670000
0.284010,2.670000,2.670000
0.285010,2.670000,2.670000
0.286010,2.670000,2.670000
0.287010,2.680000,2.680000
0.288010,2.680000,2.680000
0.289010,2.680000,2.680000
0.290010,2.680000,2.680000
0.291010,2.680000,2.680000
0.292010,2.680000,2.680000
0.293010,2.680000,2.680000
0.294010,2.680000,2.680000
0.295010,2.680000,2.680000
0.296010,2.690000,2.690000
0.297010,2.690000,2.690000
0.298010,2.690000,2.690000
0.299010,2.690000,2.690000
0.300010,2.690000,2.690000
0.301010,2.690000,2.690000
0.302010,2.690000,2.690000
0.303010,2.690000,2.690000
0.304010,2.690000,2.690000
0.305010,2.690000,2.690000
0.306010,2.700000,2.700000
0.307010,2.700000,2.700000
0.308010,2.700000,2.700000
0.309010,2.700000,2.700000
0.310010,2.700000,2.700000
0.311010,2.700000,2.700000
0.312010,2.700000,2.700000
0.313010,2.700000,2.700000
0.314010,2.700000,2.700000
0.315010,2.710000,2.710000
0.316010,2.710000,2.710000
0.317010,2.710000,2.710000
0.318010,2.710000,2.710000
0.319010,2.710000,2.710000
0.320010,2.710000,2.710000
0.321010,2.710000,2.710000
0.322010,2.710000,2.710000
0.323010,2.710000,2.710000
0.324010,2.710000,2.710000
0.325010,2.720000,2.720000
0.326010,2.720000,2.720000
0.327010,2.720000,2.720000
0.328010,2.720000,2.720000
0.329010,2.720000,2.720000
0.330010,2.720000,2.720000
0.331010,2.720000,2.720000
0.332010,2.720000,2.720000
0.333010,2.720000,2.720000
0.334010,2.720000,2.720000
0.335010,2.730000,2.730000
0.336010,2.730000,2.730000
0.337010,2.730000,2.730000
0.338010,2.730000,2.730000
0.339010,2.730000,2.730000
0.340010,2.730000,2.730000
0.341010,2.730000,2.730000
0.342010,2.730000,2.730000
0.343010,2.730000,2.730000
0.344010,2.730000,2.730000
0.345010,2.740000,2.740000
0.346010,2.740000,2.740000
0.347010,2.740000,2.740000
0.348010,2.740000,2.740000
0.349010,2.740000,2.740000
0.350010,2.740000,2.740000
0.351010,2.740000,2.740000
0.352010,2.740000,2.740000
0.353010,2.740000,2.740000
0.354010,2.740000,2.740000
0.355010,2.750000,2.750000
0.356010,2.750000,2.750000
0.357010,2.750000,2.750000
0.358010,2.750000,2.750000
0.359010,2.750000,2.750000
0.360010,2.750000,2.750000
0.361010,2.750000,2.750000
0.362010,2.750000,2.750000
0.363010,2.750000,2.750000
0.364010,2.750000,2.750000
0.365010,2.760000,2.760000
0.366010,2.760000,2.760000
0.367010,2.760000,2.760000
0.368010,2.760000,2.760000
0.369010,2.760000,2.760000
0.370010,2.760000,2.760000
0.371010,2.760000,2.760000
0.372010,2.760000,2.760000
0.373010,2.760000,2.760000
0.374010,2.760000,2.760000
0.375010,2.770000,2.770000
0.376010,2.770000,2.770000
0.377010,2.770000,2.770000
0.378010,2.770000,2.770000
0.379010,2.770000,2.770000
0.380010,2.770000,2.770000
0.381010,2.770000,2.770000
0.382010,2.770000,2.770000
0.383010,2.770000,2.770000
0.384010,2.770000,2.770000
0.385010,2.780000,2.780000
0.386010,2.780000,2.780000
0.387010,2.780000,2.780000
0.388010,2.780000,2.780000
0.389010,2.780000,2.780000
0.390010,2.780000,2.780000
0.391010,2.780000,2.780000
0.392010,2.780000,2.780000
0.393010,2.780000,2.780000
0.394010,2.780000,2.780000
0.395010,2.780000,2.780000
0.396010,2.790000,2.790000
0.397010,2.790000,2.790000
0.398010,2.790000,2.790000
0.399010,2.790000,2.790000
0.400010,2.790000,2.790000
0.401010,2.790000,2.790000
0.402010,2.790000,2.790000
0.403010,2.790000,2.790000
0.404010,2.790000,2.790000
0.405010,2.790000,2.790000
0.406010,2.800000,2.800000
0.407010,2.800000,2.800000
0.408010,2.800000,2.800000
0.409010,2.800000,2.800000
0.410010,2.800000,2.800000
0.411010,2.800000,2.800000
0.412010,2.800000,2.800000
0.413010,2.800000,2.800000
0.414010,2.800000,2.800000
0.415010,2.800000,2.800000
0.416010,2.810000,2.810000
0.417010,2.810000,2.810000
0.418010,2.810000,2.810000
0.419010,2.810000,2.810000
0.420010,2.810000,2.810000
0.421010,2.810000,2.810000
0.422010,2.810000,2.810000
0.423010,2.810000,2.810000
0.424010,2.810000,2.810000
0.425010,2.810000,2.810000
0.426010,2.810000,2.810000
0.427010,2.820000,2.820000
0.428010,2.820000,2.820000
0.429010,2.820000,2.820000
0.430010,2.820000,2.820000
0.431010,2.820000,2.820000
0.432010,2.820000,2.820000
0.433010,2.820000,2.820000
0.434010,2.820000,2.820000
0.435010,2.820000,2.820000
0.436010,2.820000,2.820000
0.437010,2.820000,2.820000
0.438010,2.830000,2.830000
0.439010,2.830000,2.830000
0.440010,2.830000,2.830000
0.441010,2.830000,2.830000
0.442010,2.830000,2.830000
0.443010,2.830000,2.830000
0.444010,2.830000,2.830000
0.445010,2.830000,2.830000
0.446010,2.830000,2.830000
0.447010,2.830000,2.830000
0.448010,2.840000,2.840000
0.449010,2.840000,2.840000
0.450010,2.840000,2.840000
0.451010,2.840000,2.840000
0.452010,2.840000,2.840000
0.453010,2.840000,2.840000
0.454010,2.840000,2.840000
0.455010,2.840000,2.840000
0.456010,2.840000,2.840000
0.457010,2.840000,2.840000
0.458010,2.840000,2.840000
0.459010,2.850000,2.850000
0.460010,2.850000,2.850000
0.461010,2.850000,2.850000
0.462010,2.850000,2.850000
0.463010,2.850000,2.850000
0.464010,2.850000,2.850000
0.465010,2.850000,2.850000
0.466010,2.850000,2.850000
0.467010,2.850000,2.850000
0.468010,2.850000,2.850000
0.469010,2.850000,2.850000
0.470010,2.860000,2.860000
0.471010,2.860000,2.860000
0.472010,2.860000,2.860000
0.473010,2.860000,2.860000
0.474010,2.860000,2.860000
0.475010,2.860000,2.860000
0.476010,2.860000,2.860000
0.477010,2.860000,2.860000
0.478010,2.860000,2.860000
0.479010,2.860000,2.860000
0.480010,2.860000,2.860000
0.481010,2.870000,2.870000
0.482010,2.870000,2.870000
0.483010,2.870000,2.870000
0.484010,2.870000,2.870000
0.485010,2.870000,2.870000
0.486010,2.870000,2.870000
0.487010,2.870000,2.870000
0.488010,2.870000,2.870000
0.489010,2.870000,2.870000
0.490010,2.870000,2.870000
0.491010,2.870000,2.870000
0.492010,2.880000,2.880000
0.493010,2.880000,2.880000
0.494010,2.880000,2.880000
0.495010,2.880000,2.880000
0.496010,2.880000,2.880000
0.497010,2.880000,2.880000
0.498010,2.880000,2.880000
0.499010,2.880000,2.880000
0.500010,2.880000,2.880000
0.501010,2.880000,2.880000
0.502010,2.880000,2.880000
0.503010,2.890000,2.890000
0.504010,2.890000,2.890000
0.505010,2.890000,2.890000
0.506010,2.890000,2.890000
0.507010,2.890000,2.890000
0.508010,2.890000,2.890000
0.509010,2.890000,2.890000
0.510010,2.890000,2.890000
0.511010,2.890000,2.890000
0.512010,2.890000,2.890000
0.513010,2.890000,2.890000
0.514010,2.900000,2.900000
0.515010,2.900000,2.900000
0.516010,2.900000,2.900000
0.517010,2.900000,2.900000
0.518010,2.900000,2.900000
0.519010,2.900000,2.900000
0.520010,2.900000,2.900000
0.521010,2.900000,2.900000
0.522010,2.900000,2.900000
0.523010,2.900000,2.900000
0.524010,2.900000,2.900000
0.525010,2.900000,2.900000
0.526010,2.910000,2.910000
0.527010,2.910000,2.910000
0.528010,2.910000,2.910000
0.529010,2.910000,2.910000
0.530010,2.910000,2.910000
0.531010,2.910000,2.910000
0.532010,2.910000,2.910000
0.533010,2.910000,2.910000
0.534010,2.910000,2.910000
0.535010,2.910000,2.910000
0.536010,2.910000,2.910000
0.537010,2.920000,2.920000
0.538010,2.920000,2.920000
0.539010,2.920000,2.920000
0.540010,2.920000,2.920000
0.541010,2.920000,2.920000
0.542010,2.920000,2.920000
0.543010,2.920000,2.920000
0.544010,2.920000,2.920000
0.545010,2.920000,2.920000
0.546010,2.920000,2.920000
0.547010,2.920000,2.920000
0.548010,2.930000,2.930000
0.549010,2.930000,2.930000
0.550010,2.930000,2.930000
0.551010,2.930000,2.930000
0.552010,2.930000,2.930000
0.553010,2.930000,2.930000
0.554010,2.930000,2.930000
0.555010,2.930000,2.930000
0.556010,2.930000,2.930000
0.557010,2.930000,2.930000
0.558010,2.930000,2.930000
0.559010,2.930000,2.930000
0.560010,2.940000,2.940000
0.561010,2.940000,2.940000
0.562010,2.940000,2.940000
0.563010,2.940000,2.940000
0.564010,2.940000,2.940000
0.565010,2.940000,2.940000
0.566010,2.940000,2.940000
0.567010,2.940000,2.940000
0.568010,2.940000,2.940000
0.569010,2.940000,2.940000
0.570010,2.940000,2.940000
0.571010,2.940000,2.940000
0.572010,2.950000,2.950000
0.573010,2.950000,2.950000
0.574010,2.950000,2.950000
0.575010,2.950000,2.950000
0.576010,2.950000,2.950000
0.577010,2.950000,2.950000
0.578010,2.950000,2.950000
0.579010,2.950000,2.950000
0.580010,2.950000,2.950000
0.581010,2.950000,2.950000
0.582010,2.950000,2.950000
0.583010,2.960000,2.960000
0.584010,2.960000,2.960000
0.585010,2.960000,2.960000
0.586010,2.960000,2.960000
0.587010,2.960000,2.960000
0.588010,2.960000,2.960000
0.589010,2.960000,2.960000
0.590010,2.960000,2.960000
0.591010,2.960000,2.960000
0.592010,2.960000,2.960000
0.593010,2.960000,2.960000
0.594010,2.960000,2.960000
0.595010,2.970000,2.970000
0.596010,2.970000,2.970000
0.597010,2.970000,2.970000
0.598010,2.970000,2.970000
0.599010,2.970000,2.970000
0.600010,2.970000,2.970000
0.601010,2.970000,2.970000
0.602010,2.970000,2.970000
0.603010,2.970000,2.970000
0.604010,2.970000,2.970000
0.605010,2.970000,2.970000
0.606010,2.970000,2.970000
0.607010,2.980000,2.980000
0.608010,2.980000,2.980000
0.609010,2.980000,2.980000
0.610010,2.980000,2.980000
0.611010,2.980000,2.980000
0.612010,2.980000,2.980000
0.613010,2.980000,2.980000
0.614010,2.980000,2.980000
0.615010,2.980000,2.980000
0.616010,2.980000,2.980000
0.617010,2.980000,2.980000
0.618010,2.980000,2.980000
0.619010,2.990000,2.990000
0.620010,2.990000,2.990000
0.621010,2.990000,2.990000
0.622010,2.990000,2.990000
0.623010,2.990000,2.990000
0.624010,2.990000,2.990000
0.625010,2.990000,2.990000
0.626010,2.990000,2.990000
0.627010,2.990000,2.990000
0.628010,2.990000,2.990000
0.629010,2.990000,2.990000
0.630010,2.990000,2.990000
0.631010,3.000000,3.000000
0.632010,3.000000,3.000000
0.633010,3.000000,3.000000
0.634010,3.000000,3.000000
0.635010,3.000000,3.000000
0.636010,3.000000,3.000000
0.637010,3.000000,3.000000
0.638010,3.000000,3.000000
0.639010,3.000000,3.000000
0.640010,3.000000,3.000000
0.641010,3.000000,3.000000
0.642010,3.000000,3.000000
0.643010,3.010000,3.010000
0.644010,3.010000,3.010000
0.645010,3.010000,3.010000
0.646010,3.010000,3.010000
0.647010,3.010000,3.010000
0.648010,3.010000,3.010000
0.649010,3.010000,3.010000
0.650010,3.010000,3.010000
0.651010,3.010000,3.010000
0.652010,3.010000,3.010000
0.653010,3.010000,3.010000
0.654010,3.010000,3.010000
0.655010,3.020000,3.020000
0.656010,3.020000,3.020000
0.657010,3.020000,3.020000
0.658010,3.020000,3.020000
0.659010,3.020000,3.020000
0.660010,3.020000,3.020000
0.661010,3.020000,3.020000
0.662010,3.020000,3.020000
0.663010,3.020000,3.020000
0.664010,3.020000,3.020000
0.665010,3.020000,3.020000
0.666010,3.020000,3.020000
0.667010,3.030000,3.030000
0.668010,3.030000,3.030000
0.669010,3.030000,3.030000
0.670010,3.030000,3.030000
0.671010,3.030000,3.030000
0.672010,3.030000,3.030000
0.673010,3.030000,3.030000
0.674010,3.030000,3.030000
0.675010,3.030000,3.030000
0.676010,3.030000,3.030000
0.677010,3.030000,3.030000
0.678010,3.030000,3.030000
0.679010,3.040000,3.040000
0.680010,3.040000,3.040000
0.681010,3.040000,3.040000
0.682010,3.040000,3.040000
0.683010,3.040000,3.040000
0.684010,3.040000,3.040000
0.685010,3.040000,3.040000
0.686010,3.040000,3.040000
0.687010,3.040000,3.040000
0.688010,3.040000,3.040000
0.689010,3.040000,3.040000
0.690010,3.040000,3.040000
0.691010,3.040000,3.040000
0.692010,3.050000,3.050000
0.693010,3.050000,3.050000
0.694010,3.050000,3.050000
0.695010,3.050000,3.050000
0.696010,3.050000,3.050000
0.697010,3.050000,3.050000
0.698010,3.050000,3.050000
0.699010,3.050000,3.050000
0.700010,3.050000,3.050000
0.701010,3.050000,3.050000
0.702010,3.050000,3.050000
0.703010,3.050000,3.050000
0.704010,3.060000,3.060000
0.705010,3.060000,3.060000
0.706010,3.060000,3.060000
0.707010,3.060000,3.060000
0.708010,3.060000,3.060000
0.709010,3.060000,3.060000
0.710010,3.060000,3.060000
0.711010,3.060000,3.060000
0.712010,3.060000,3.060000
0.713010,3.060000,3.060000
0.714010,3.060000,3.060000
0.715010,3.060000,3.060000
0.716010,3.060000,3.060000
0.717010,3.070000,3.070000
0.718010,3.070000,3.070000
0.719010,3.070000,3.070000
0.720010,3.070000,3.070000
0.721010,3.070000,3.070000
0.722010,3.070000,3.070000
0.723010,3.070000,3.070000
0.724010,3.070000,3.070000
0.725010,3.070000,3.070000
0.726010,3.070000,3.070000
0.727010,3.070000,3.070000
0.728010,3.070000,3.070000
0.729010,3.080000,3.080000
0.730010,3.080000,3.080000
0.731010,3.080000,3.080000
0.732010,3.080000,3.080000
0.733010,3.080000,3.080000
0.734010,3.080000,3.080000
0.735010,3.080000,3.080000
0.736010,3.080000,3.080000
0.737010,3.080000,3.080000
0.738010,3.080000,3.080000
0.739010,3.080000,3.080000
0.740010,3.080000,3.080000
0.741010,3.080000,3.080000
0.742010,3.090000,3.090000
0.743010,3.090000,3.090000
0.744010,3.090000,3.090000
0.745010,3.090000,3.090000
0.746010,3.090000,3.090000
0.747010,3.090000,3.090000
0.748010,3.090000,3.090000
0.749010,3.090000,3.090000
0.750010,3.090000,3.090000
0.751010,3.090000,3.090000
0.752010,3.090000,3.090000
0.753010,3.090000,3.090000
0.754010,3.090000,3.090000
0.755010,3.100000,3.100000
0.756010,3.100000,3.100000
0.757010,3.100000,3.100000
0.758010,3.100000,3.100000
0.759010,3.100000,3.100000
0.760010,3.100000,3.100000
0.761010,3.100000,3.100000
0.762010,3.100000,3.100000
0.763010,3.100000,3.100000
0.764010,3.100000,3.100000
0.765010,3.100000,3.100000
0.766010,3.100000,3.100000
0.767010,3.100000,3.100000
0.768010,3.110000,3.110000
0.769010,3.110000,3.110000
0.770010,3.110000,3.110000
0.771010,3.110000,3.110000
0.772010,3.110000,3.110000
0.773010,3.110000,3.110000
0.774010,3.110000,3.110000
0.775010,3.110000,3.110000
0.776010,3.110000,3.110000
0.777010,3.110000,3.110000
0.778010,3.110000,3.110000
0.779010,3.110000,3.110000
0.780010,3.110000,3.110000
0.781010,3.120000,3.120000
0.782010,3.120000,3.120000
0.783010,3.120000,3.120000
0.784010,3.120000,3.120000
0.785010,3.120000,3.120000
0.786010,3.120000,3.120000
0.787010,3.120000,3.120000
0.788010,3.120000,3.120000
0.789010,3.120000,3.120000
0.790010,3.120000,3.120000
0.791010,3.120000,3.120000
0.792010,3.120000,3.120000
0.793010,3.120000,3.120000
0.794010,3.130000,3.130000
0.795010,3.130000,3.130000
0.796010,3.130000,3.130000
0.797010,3.130000,3.130000
0.798010,3.130000,3.130000
0.799010,3.130000,3.130000
0.800010,3.130000,3.130000
0.801010,3.130000,3.130000
0.802010,3.130000,3.130000
0.803010,3.130000,3.130000
0.804010,3.130000,3.130000
0.805010,3.130000,3.130000
0.806010,3.130000,3.130000
0.807010,3.140000,3.140000
0.808010,3.140000,3.140000
0.809010,3.140000,3.140000
0.810010,3.140000,3.140000
0.811010,3.140000,3.140000
0.812010,3.140000,3.140000
0.813010,3.140000,3.140000
0.814010,3.140000,3.140000
0.815010,3.140000,3.140000
0.816010,3.140000,3.140000
0.817010,3.140000,3.140000
0.818010,3.140000,3.140000
0.819010,3.140000,3.140000
0.820010,3.150000,3.150000
0.821010,3.150000,3.150000
0.822010,3.150000,3.150000
0.823010,3.150000,3.150000
0.824010,3.150000,3.150000
0.825010,3.150000,3.150000
0.826010,3.150000,3.150000
0.827010,3.150000,3.150000
0.828010,3.150000,3.150000
0.829010,3.150000,3.150000
0.830010,3.150000,3.150000
0.831010,3.150000,3.150000
0.832010,3.150000,3.150000
0.833010,3.160000,3.160000
0.834010,3.160000,3.160000
0.835010,3.160000,3.160000
0.836010,3.160000,3.160000
0.837010,3.160000,3.160000
0.838010,3.160000,3.160000
0.839010,3.160000,3.160000
0.840010,3.160000,3.160000
0.841010,3.160000,3.160000
0.842010,3.160000,3.160000
0.843010,3.160000,3.160000
0.844010,3.160000,3.160000
0.845010,3.160000,3.160000
0.846010,3.170000,3.170000
0.847010,3.170000,3.170000
0.848010,3.170000,3.170000
0.849010,3.170000,3.170000
0.850010,3.170000,3.170000
0.851010,3.170000,3.170000
0.852010,3.170000,3.170000
0.853010,3.170000,3.170000
0.854010,3.170000,3.170000
0.855010,3.170000,3.170000
0.856010,3.170000,3.170000
0.857010,3.170000,3.170000
0.858010,3.170000,3.170000
0.859010,3.170000,3.170000
0.860010,3.180000,3.180000
0.861010,3.180000,3.180000
0.862010,3.180000,3.180000
0.863010,3.180000,3.180000
0.864010,3.180000,3.180000
0.865010,3.180000,3.180000
0.866010,3.180000,3.180000
0.867010,3.180000,3.180000
0.868010,3.180000,3.180000
0.869010,3.180000,3.180000
0.870010,3.180000,3.180000
0.871010,3.180000,3.180000
0.872010,3.180000,3.180000
0.873010,3.190000,3.190000
0.874010,3.190000,3.190000
0.875010,3.190000,3.190000
0.876010,3.190000,3.190000
0.877010,3.190000,3.190000
0.878010,3.190000,3.190000
0.879010,3.190000,3.190000
0.880010,3.190000,3.190000
0.881010,3.190000,3.190000
0.882010,3.190000,3.190000
0.883010,3.190000,3.190000
0.884010,3.190000,3.190000
0.885010,3.190000,3.190000
0.886010,3.190000,3.190000
0.887010,3.200000,3.200000
0.888010,3.200000,3.200000
0.889010,3.200000,3.200000
0.890010,3.200000,3.200000
0.891010,3.200000,3.200000
0.892010,3.200000,3.200000
0.893010,3.200000,3.200000
0.894010,3.200000,3.200000
0.895010,3.200000,3.200000
0.896010,3.200000,3.200000
0.897010,3.200000,3.200000
0.898010,3.200000,3.200000
0.899010,3.200000,3.200000
0.900010,3.210000,3.210000
0.901010,3.210000,3.210000
0.902010,3.210000,3.210000
0.903010,3.210000,3.210000
0.904010,3.210000,3.210000
0.905010,3.210000,3.210000
0.906010,3.210000,3.210000
0.907010,3.210000,3.210000
0.908010,3.210000,3.210000
0.909010,3.210000,3.210000
0.910010,3.210000,3.210000
0.911010,3.210000,3.210000
0.912010,3.210000,3.210000
0.913010,3.210000,3.210000
0.914010,3.220000,3.220000
0.915010,3.220000,3.220000
0.916010,3.220000,3.220000
0.917010,3.220000,3.220000
0.918010,3.220000,3.220000
0.919010,3.220000,3.220000
0.920010,3.220000,3.220000
0.921010,3.220000,3.220000
0.922010,3.220000,3.220000
0.923010,3.220000,3.220000
0.924010,3.220000,3.220000
0.925010,3.220000,3.220000
0.926010,3.220000,3.220000
0.927010,3.220000,3.220000
0.928010,3.230000,3.230000
0.929010,3.230000,3.230000
0.930010,3.230000,3.230000
0.931010,3.230000,3.230000
0.932010,3.230000,3.230000
0.933010,3.230000,3.230000
0.934010,3.230000,3.230000
0.935010,3.230000,3.230000
0.936010,3.230000,3.230000
0.937010,3.230000,3.230000
0.938010,3.230000,3.230000
0.939010,3.230000,3.230000
0.940010,3.230000,3.230000
0.941010,3.230000,3.230000
0.942010,3.240000,3.240000
0.943010,3.240000,3.240000
0.944010,3.240000,3.240000
0.945010,3.240000,3.240000
0.946010,3.240000,3.240000
0.947010,3.240000,3.240000
0.948010,3.240000,3.240000
0.949010,3.240000,3.240000
0.950010,3.240000,3.240000
0.951010,3.240000,3.240000
0.952010,3.240000,3.240000
0.953010,3.240000,3.240000
0.954010,3.240000,3.240000
0.955010,3.240000,3.240000
0.956010,3.250000,3.250000
0.957010,3.250000,3.250000
0.958010,3.250000,3.250000
0.959010,3.250000,3.250000
0.960010,3.250000,3.250000
0.961010,3.250000,3.250000
0.962010,3.250000,3.250000
0.963010,3.250000,3.250000
0.964010,3.250000,3.250000
0.965010,3.250000,3.250000
0.966010,3.250000,3.250000
0.967010,3.250000,3.250000
0.968010,3.250000,3.250000
0.969010,3.250000,3.250000
0.970010,3.260000,3.260000
0.971010,3.260000,3.260000
0.972010,3.260000,3.260000
0.973010,3.260000,3.260000
0.974010,3.260000,3.260000
0.975010,3.260000,3.260000
0.976010,3.260000,3.260000
0.977010,3.260000,3.260000
0.978010,3.260000,3.260000
0.979010,3.260000,3.260000
0.980010,3.260000,3.260000
0.981010,3.260000,3.260000
0.982010,3.260000,3.260000
0.983010,3.260000,3.260000
0.984010,3.270000,3.270000
0.985010,3.270000,3.270000
0.986010,3.270000,3.270000
0.987010,3.270000,3.270000
0.988010,3.270000,3.270000
0.989010,3.270000,3.270000
0.990010,3.270000,3.270000
0.991010,3.270000,3.270000
0.992010,3.270000,3.270000
0.993010,3.270000,3.270000
0.994010,3.270000,3.270000
0.995010,3.270000,3.270000
0.996010,3.270000,3.270000
0.997010,3.270000,3.270000
0.998010,3.280000,3.280000
0.999010,3.280000,3.280000
1.000010,3.280000,3.280000
1.001010,3.280000,3.280000
1.002010,3.280000,3.280000
1.003010,3.280000,3.280000
1.004010,3.280000,3.280000
1.005010,3.280000,3.280000
1.006010,3.280000,3.280000
1.007010,3.280000,3.280000
1.008010,3.280000,3.280000
1.009010,3.280000,3.280000
1.010010,3.280000,3.280000
1.011010,3.280000,3.280000
1.012010,3.290000,3.290000
1.013010,3.290000,3.290000
1.014010,3.290000,3.290000
1.015010,3.290000,3.290000
1.016010,3.290000,3.290000
1.017010,3.290000,3.290000
1.018010,3.290000,3.290000
1.019010,3.290000,3.290000
1.020010,3.290000,3.290000
1.021010,3.290000,3.290000
1.022010,3.290000,3.290000
1.023010,3.290000,3.290000
1.024010,3.290000,3.290000
1.025010,3.290000,3.290000
1.026010,3.300000,3.300000
1.027010,3.300000,3.300000
1.028010,3.300000,3.300000
1.029010,3.300000,3.300000
1.030010,3.300000,3.300000
1.031010,3.300000,3.300000
1.032010,3.300000,3.300000
1.033010,3.300000,3.300000
1.034010,3.300000,3.300000
1.035010,3.300000,3.300000
1.036010,3.300000,3.300000
1.037010,3.300000,3.300000
1.038010,3.300000,3.300000
1.039010,3.300000,3.300000
1.040010,3.300000,3.300000
1.041010,3.310000,3.310000
1.042010,3.310000,3.310000
1.043010,3.310000,3.310000
1.044010,3.310000,3.310000
1.045010,3.310000,3.310000
1.046010,3.310000,3.310000
1.047010,3.310000,3.310000
1.048010,3.310000,3.310000
1.049010,3.310000,3.310000
1.050010,3.310000,3.310000
1.051010,3.310000,3.310000
1.052010,3.310000,3.310000
1.053010,3.310000,3.310000
1.054010,3.310000,3.310000
1.055010,3.320000,3.320000
1.056010,3.320000,3.320000
1.057010,3.320000,3.320000
1.058010,3.320000,3.320000
1.059010,3.320000,3.320000
1.060010,3.320000,3.320000
1.061010,3.320000,3.320000
1.062010,3.320000,3.320000
1.063010,3.320000,3.320000
1.064010,3.320000,3.320000
1.065010,3.320000,3.320000
1.066010,3.320000,3.320000
1.067010,3.320000,3.320000
1.068010,3.320000,3.320000
1.069010,3.320000,3.320000
1.070010,3.330000,3.330000
1.071010,3.330000,3.330000
1.072010,3.330000,3.330000
1.073010,3.330000,3.330000
1.074010,3.330000,3.330000
1.075010,3.330000,3.330000
1.076010,3.330000,3.330000
1.077010,3.330000,3.330000
1.078010,3.330000,3.330000
1.079010,3.330000,3.330000
1.080010,3.330000,3.330000
1.081010,3.330000,3.330000
1.082010,3.330000,3.330000
1.083010,3.330000,3.330000
1.084010,3.340000,3.340000
1.085010,3.340000,3.340000
1.086010,3.340000,3.340000
1.087010,3.340000,3.340000
1.088010,3.340000,3.340000
1.089010,3.340000,3.340000
1.090010,3.340000,3.340000
1.091010,3.340000,3.340000
1.092010,3.340000,3.340000
1.093010,3.340000,3.340000
1.094010,3.340000,3.340000
1.095010,3.340000,3.340000
1.096010,3.340000,3.340000
1.097010,3.340000,3.340000
1.098010,3.340000,3.340000
1.099010,3.350000,3.350000
1.100010,3.350000,3.350000
1.101010,3.350000,3.350000
1.102010,3.350000,3.350000
1.103010,3.350000,3.350000
1.104010,3.350000,3.350000
1.105010,3.350000,3.350000
1.106010,3.350000,3.350000
1.107010,3.350000,3.350000
1.108010,3.350000,3.350000
1.109010,3.350000,3.350000
1.110010,3.350000,3.350000
1.111010,3.350000,3.350000
1.112010,3.350000,3.350000
1.113010,3.350000,3.350000
1.114010,3.360000,3.360000
1.115010,3.360000,3.360000
1.116010,3.360000,3.360000
1.117010,3.360000,3.360000
1.118010,3.360000,3.360000
1.119010,3.360000,3.360000
1.120010,3.360000,3.360000
1.121010,3.360000,3.360000
1.122010,3.360000,3.360000
1.123010,3.360000,3.360000
1.124010,3.360000,3.360000
1.125010,3.360000,3.360000
1.126010,3.360000,3.360000
1.127010,3.360000,3.360000
1.128010,3.360000,3.360000
1.129010,3.370000,3.370000
1.130010,3.370000,3.370000
1.131010,3.370000,3.370000
1.132010,3.370000,3.370000
1.133010,3.370000,3.370000
1.134010,3.370000,3.370000
1.135010,3.370000,3.370000
1.136010,3.370000,3.370000
1.137010,3.370000,3.370000
1.138010,3.370000,3.370000
1.139010,3.370000,3.370000
1.140010,3.370000,3.370000
1.141010,3.370000,3.370000
1.142010,3.370000,3.370000
1.143010,3.370000,3.370000
1.144010,3.380000,3.380000
1.145010,3.380000,3.380000
1.146010,3.380000,3.380000
1.147010,3.380000,3.380000
1.148010,3.380000,3.380000
1.149010,3.380000,3.380000
1.150010,3.380000,3.380000
1.151010,3.380000,3.380000
1.152010,3.380000,3.380000
1.153010,3.380000,3.380000
1.154010,3.380000,3.380000
1.155010,3.380000,3.380000
1.156010,3.380000,3.380000
1.157010,3.380000,3.380000
1.158010,3.380000,3.380000
1.159010,3.390000,3.390000
1.160010,3.390000,3.390000
1.161010,3.390000,3.390000
1.162010,3.390000,3.390000
1.163010,3.390000,3.390000
1.164010,3.390000,3.390000
1.165010,3.390000,3.390000
1.166010,3.390000,3.390000
1.167010,3.390000,3.390000
1.168010,3.390000,3.390000
1.169010,3.390000,3.390000
1.170010,3.390000,3.390000
1.171010,3.390000,3.390000
1.172010,3.390000,3.390000
1.173010,3.390000,3.390000
1.174010,3.400000,3.400000
1.175010,3.400000,3.400000
1.176010,3.400000,3.400000
1.177010,3.400000,3.400000
1.178010,3.400000,3.400000
1.179010,3.400000,3.400000
1.180010,3.400000,3.400000
1.181010,3.400000,3.400000
1.182010,3.400000,3.400000
1.183010,3.400000,3.400000
1.184010,3.400000,3.400000
1.185010,3.400000,3.400000
1.186010,3.400000,3.400000
1.187010,3.400000,3.400000
1.188010,3.400000,3.400000
1.189010,3.410000,3.410000
1.190010,3.410000,3.410000
1.191010,3.410000,3.410000
1.192010,3.410000,3.410000
1.193010,3.410000,3.410000
1.194010,3.410000,3.410000
1.195010,3.410000,3.410000
1.196010,3.410000,3.410000
1.197010,3.410000,3.410000
1.198010,3.410000,3.410000
1.199010,3.410000,3.410000
1.200010,3.410000,3.410000
1.201010,3.410000,3.410000
1.202010,3.410000,3.410000
1.203010,3.410000,3.410000
1.204010,3.420000,3.420000
1.205010,3.420000,3.420000
1.206010,3.420000,3.420000
1.207010,3.420000,3.420000
1.208010,3.420000,3.420000
1.209010,3.420000,3.420000
1.210010,3.420000,3.420000
1.211010,3.420000,3.420000
1.212010,3.420000,3.420000
1.213010,3.420000,3.420000
1.214010,3.420000,3.420000
1.215010,3.420000,3.420000
1.216010,3.420000,3.420000
1.217010,3.420000,3.420000
1.218010,3.420000,3.420000
1.219010,3.430000,3.430000
1.220010,3.430000,3.430000
1.221010,3.430000,3.430000
1.222010,3.430000,3.430000
1.223010,3.430000,3.430000
1.224010,3.430000,3.430000
1.225010,3.430000,3.430000
1.226010,3.430000,3.430000
1.227010,3.430000,3.430000
1.228010,3.430000,3.430000
1.229010,3.430000,3.430000
1.230010,3.430000,3.430000
1.231010,3.430000,3.430000
1.232010,3.430000,3.430000
1.233010,3.430000,3.430000
1.234010,3.430000,3.430000
1.235010,3.440000,3.440000
1.236010,3.440000,3.440000
1.237010,3.440000,3.440000
1.238010,3.440000,3.440000
1.239010,3.440000,3.440000
1.240010,3.440000,3.440000
1.241010,3.440000,3.440000
1.242010,3.440000,3.440000
1.243010,3.440000,3.440000
1.244010,3.440000,3.440000
1.245010,3.440000,3.440000
1.246010,3.440000,3.440000
1.247010,3.440000,3.440000
1.248010,3.440000,3.440000
1.249010,3.440000,3.440000
1.250010,3.450000,3.450000
1.251010,3.450000,3.450000
1.252010,3.450000,3.450000
1.253010,3.450000,3.450000
1.254010,3.450000,3.450000
1.255010,3.450000,3.450000
1.256010,3.450000,3.450000
1.257010,3.450000,3.450000
1.258010,3.450000,3.450000
1.259010,3.450000,3.450000
1.260010,3.450000,3.450000
1.261010,3.450000,3.450000
1.262010,3.450000,3.450000
1.263010,3.450000,3.450000
1.264010,3.450000,3.450000
1.265010,3.450000,3.450000
1.266010,3.460000,3.460000
1.267010,3.460000,3.460000
1.268010,3.460000,3.460000
1.269010,3.460000,3.460000
1.270010,3.460000,3.460000
1.271010,3.460000,3.460000
1.272010,3.460000,3.460000
1.273010,3.460000,3.460000
1.274010,3.460000,3.460000
1.275010,3.460000,3.460000
1.276010,3.460000,3.460000
1.277010,3.460000,3.460000
1.278010,3.460000,3.460000
1.279010,3.460000,3.460000
1.280010,3.460000,3.460000
1.281010,3.470000,3.470000
1.282010,3.470000,3.470000
1.283010,3.470000,3.470000
1.284010,3.470000,3.470000
1.285010,3.470000,3.470000
1.286010,3.470000,3.470000
1.287010,3.470000,3.470000
1.288010,3.470000,3.470000
1.289010,3.470000,3.470000
1.290010,3.470000,3.470000
1.291010,3.470000,3.470000
1.292010,3.470000,3.470000
1.293010,3.470000,3.470000
1.294010,3.470000,3.470000
1.295010,3.470000,3.470000
1.296010,3.470000,3.470000
1.297010,3.480000,3.480000
1.298010,3.480000,3.480000
1.299010,3.480000,3.480000
1.300010,3.480000,3.480000
1.301010,3.480000,3.480000
1.302010,3.480000,3.480000
1.303010,3.480000,3.480000
1.304010,3.480000,3.480000
1.305010,3.480000,3.480000
1.306010,3.480000,3.480000
1.307010,3.480000,3.480000
1.308010,3.480000,3.480000
1.309010,3.480000,3.480000
1.310010,3.480000,3.480000
1.311010,3.480000,3.480000
1.312010,3.480000,3.480000
1.313010,3.490000,3.490000
1.314010,3.490000,3.490000
1.315010,3.490000,3.490000
1.316010,3.490000,3.490000
1.317010,3.490000,3.490000
1.318010,3.490000,3.490000
1.319010,3.490000,3.490000
1.320010,3.490000,3.490000
1.321010,3.490000,3.490000
1.322010,3.490000,3.490000
1.323010,3.490000,3.490000
1.324010,3.490000,3.490000
1.325010,3.490000,3.490000
1.326010,3.490000,3.490000
1.327010,3.490000,3.490000
1.328010,3.490000,3.490000
1.329010,3.500000,3.500000
1.330010,3.500000,3.500000
1.331010,3.500000,3.500000
1.332010,3.500000,3.500000
1.333010,3.500000,3.500000
1.334010,3.500000,3.500000
1.335010,3.500000,3.500000
1.336010,3.500000,3.500000
1.337010,3.500000,3.500000
1.338010,3.500000,3.500000
1.339010,3.500000,3.500000
1.340010,3.500000,3.500000
1.341010,3.500000,3.500000
1.342010,3.500000,3.500000
1.343010,3.500000,3.500000
1.344010,3.500000,3.500000
1.345010,3.510000,3.510000
1.346010,3.510000,3.510000
1.347010,3.510000,3.510000
1.348010,3.510000,3.510000
1.349010,3.510000,3.510000
1.350010,3.510000,3.510000
1.351010,3.510000,3.510000
1.352010,3.510000,3.510000
1.353010,3.510000,3.510000
1.354010,3.510000,3.510000
1.355010,3.510000,3.510000
1.356010,3.510000,3.510000
1.357010,3.510000,3.510000
1.358010,3.510000,3.510000
1.359010,3.510000,3.510000
1.360010,3.510000,3.510000
1.361010,3.520000,3.520000
1.362010,3.520000,3.520000
1.363010,3.520000,3.520000
1.364010,3.520000,3.520000
1.365010,3.520000,3.520000
1.366010,3.520000,3.520000
1.367010,3.520000,3.520000
1.368010,3.520000,3.520000
1.369010,3.520000,3.520000
1.370010,3.520000,3.520000
1.371010,3.520000,3.520000
1.372010,3.520000,3.520000
1.373010,3.520000,3.520000
1.374010,3.520000,3.520000
1.375010,3.520000,3.520000
1.376010,3.520000,3.520000
1.377010,3.530000,3.530000
1.378010,3.530000,3.530000
1.379010,3.530000,3.530000
1.380010,3.530000,3.530000
1.381010,3.530000,3.530000
1.382010,3.530000,3.530000
1.383010,3.530000,3.530000
1.384010,3.530000,3.530000
1.385010,3.530000,3.530000
1.386010,3.530000,3.530000
1.387010,3.530000,3.530000
1.388010,3.530000,3.530000
1.389010,3.530000,3.530000
1.390010,3.530000,3.530000
1.391010,3.530000,3.530000
1.392010,3.530000,3.530000
1.393010,3.540000,3.540000
1.394010,3.540000,3.540000
1.395010,3.540000,3.540000
1.396010,3.540000,3.540000
1.397010,3.540000,3.540000
1.398010,3.540000,3.540000
1.399010,3.540000,3.540000
1.400010,3.540000,3.540000
1.401010,3.540000,3.540000
1.402010,3.540000,3.540000
1.403010,3.540000,3.540000
1.404010,3.540000,3.540000
1.405010,3.540000,3.540000
1.406010,3.540000,3.540000
1.407010,3.540000,3.540000
1.408010,3.540000,3.540000
1.409010,3.550000,3.550000
1.410010,3.550000,3.550000
1.411010,3.550000,3.550000
1.412010,3.550000,3.550000
1.413010,3.550000,3.550000
1.414010,3.550000,3.550000
1.415010,3.550000,3.550000
1.416010,3.550000,3.550000
1.417010,3.550000,3.550000
1.418010,3.550000,3.550000
1.419010,3.550000,3.550000
1.420010,3.550000,3.550000
1.421010,3.550000,3.550000
1.422010,3.550000,3.550000
1.423010,3.550000,3.550000
1.424010,3.550000,3.550000
1.425010,3.560000,3.560000
1.426010,3.560000,3.560000
1.427010,3.560000,3.560000
1.428010,3.560000,3.560000
1.429010,3.560000,3.560000
1.430010,3.560000,3.560000
1.431010,3.560000,3.560000
1.432010,3.560000,3.560000
1.433010,3.560000,3.560000
1.434010,3.560000,3.560000
1.435010,3.560000,3.560000
1.436010,3.560000,3.560000
1.437010,3.560000,3.560000
1.438010,3.560000,3.560000
1.439010,3.560000,3.560000
1.440010,3.560000,3.560000
1.441010,3.560000,3.560000
1.442010,3.570000,3.570000
1.443010,3.570000,3.570000
1.444010,3.570000,3.570000
1.445010,3.570000,3.570000
1.446010,3.570000,3.570000
1.447010,3.570000,3.570000
1.448010,3.570000,3.570000
1.449010,3.570000,3.570000
1.450010,3.570000,3.570000
1.451010,3.570000,3.570000
1.452010,3.570000,3.570000
1.453010,3.570000,3.570000
1.454010,3.570000,3.570000
1.455010,3.570000,3.570000
1.456010,3.570000,3.570000
1.457010,3.570000,3.570000
1.458010,3.580000,3.580000
1.459010,3.580000,3.580000
1.460010,3.580000,3.580000
1.461010,3.580000,3.580000
1.462010,3.580000,3.580000
1.463010,3.580000,3.580000
1.464010,3.580000,3.580000
1.465010,3.580000,3.580000
1.466010,3.580000,3.580000
1.467010,3.580000,3.580000
1.468010,3.580000,3.580000
1.469010,3.580000,3.580000
1.470010,3.580000,3.580000
1.471010,3.580000,3.580000
1.472010,3.580000,3.580000
1.473010,3.580000,3.580000
1.474010,3.580000,3.580000
1.475010,3.590000,3.590000
1.476010,3.590000,3.590000
1.477010,3.590000,3.590000
1.478010,3.590000,3.590000
1.479010,3.590000,3.590000
1.480010,3.590000,3.590000
1.481010,3.590000,3.590000
1.482010,3.590000,3.590000
1.483010,3.590000,3.590000
1.484010,3.590000,3.590000
1.485010,3.590000,3.590000
1.486010,3.590000,3.590000
1.487010,3.590000,3.590000
1.488010,3.590000,3.590000
1.489010,3.590000,3.590000
1.490010,3.590000,3.590000
1.491010,3.600000,3.600000
1.492010,3.600000,3.600000
1.493010,3.600000,3.600000
1.494010,3.600000,3.600000
1.495010,3.600000,3.600000
1.496010,3.600000,3.600000
1.497010,3.600000,3.600000
1.498010,3.600000,3.600000
1.499010,3.600000,3.600000
1.500010,3.600000,3.600000
1.501010,3.600000,3.600000
1.502010,3.600000,3.600000
1.503010,3.600000,3.600000
1.504010,3.600000,3.600000
1.505010,3.600000,3.600000
1.506010,3.600000,3.600000
1.507010,3.600000,3.600000
1.508010,3.610000,3.610000
1.509010,3.610000,3.610000
1.510010,3.610000,3.610000
1.511010,3.610000,3.610000
1.512010,3.610000,3.610000
1.513010,3.610000,3.610000
1.514010,3.610000,3.610000
1.515010,3.610000,3.610000
1.516010,3.610000,3.610000
1.517010,3.610000,3.610000
1.518010,3.610000,3.610000
1.519010,3.610000,3.610000
1.520010,3.610000,3.610000
1.521010,3.610000,3.610000
1.522010,3.610000,3.610000
1.523010,3.610000,3.610000
1.524010,3.610000,3.610000
1.525010,3.620000,3.620000
1.526010,3.620000,3.620000
1.527010,3.620000,3.620000
1.528010,3.620000,3.620000
1.529010,3.620000,3.620000
1.530010,3.620000,3.620000
1.531010,3.620000,3.620000
1.532010,3.620000,3.620000
1.533010,3.620000,3.620000
1.534010,3.620000,3.620000
1.535010,3.620000,3.620000
1.536010,3.620000,3.620000
1.537010,3.620000,3.620000
1.538010,3.620000,3.620000
1.539010,3.620000,3.620000
1.540010,3.620000,3.620000
1.541010,3.620000,3.620000
1.542010,3.630000,3.630000
1.543010,3.630000,3.630000
1.544010,3.630000,3.630000
1.545010,3.630000,3.630000
1.546010,3.630000,3.630000
1.547010,3.630000,3.630000
1.548010,3.630000,3.630000
1.549010,3.630000,3.630000
1.550010,3.630000,3.630000
1.551010,3.630000,3.630000
1.552010,3.630000,3.630000
1.553010,3.630000,3.630000
1.554010,3.630000,3.630000
1.555010,3.630000,3.630000
1.556010,3.630000,3.630000
1.557010,3.630000,3.630000
1.558010,3.640000,3.640000
1.559010,3.640000,3.640000
1.560010,3.640000,3.640000
1.561010,3.640000,3.640000
1.562010,3.640000,3.640000
1.563010,3.640000,3.640000
1.564010,3.640000,3.640000
1.565010,3.640000,3.640000
1.566010,3.640000,3.640000
1.567010,3.640000,3.640000
1.568010,3.640000,3.640000
1.569010,3.640000,3.640000
1.570010,3.640000,3.640000
1.571010,3.640000,3.640000
1.572010,3.640000,3.640000
1.573010,3.640000,3.640000
1.574010,3.640000,3.640000
1.575010,3.650000,3.650000
1.576010,3.650000,3.650000
1.577010,3.650000,3.650000
1.578010,3.650000,3.650000
1.579010,3.650000,3.650000
1.580010,3.650000,3.650000
1.581010,3.650000,3.650000
1.582010,3.650000,3.650000
1.583010,3.650000,3.650000
1.584010,3.650000,3.650000
1.585010,3.650000,3.650000
1.586010,3.650000,3.650000
1.587010,3.650000,3.650000
1.588010,3.650000,3.650000
1.589010,3.650000,3.650000
1.590010,3.650000,3.650000
1.591010,3.650000,3.650000
1.592010,3.660000,3.660000
1.593010,3.660000,3.660000
1.594010,3.660000,3.660000
1.595010,3.660000,3.660000
1.596010,3.660000,3.660000
1.597010,3.660000,3.660000
1.598010,3.660000,3.660000
1.599010,3.660000,3.660000
1.600010,3.660000,3.660000
1.601010,3.660000,3.660000
1.602010,3.660000,3.660000
1.603010,3.660000,3.660000
1.604010,3.660000,3.660000
1.605010,3.660000,3.660000
1.606010,3.660000,3.660000
1.607010,3.660000,3.660000
1.608010,3.660000,3.660000
1.609010,3.660000,3.660000
1.610010,3.670000,3.670000
1.611010,3.670000,3.670000
1.612010,3.670000,3.670000
1.613010,3.670000,3.670000
1.614010,3.670000,3.670000
1.615010,3.670000,3.670000
1.616010,3.670000,3.670000
1.617010,3.670000,3.670000
1.618010,3.670000,3.670000
1.619010,3.670000,3.670000
1.620010,3.670000,3.670000
1.621010,3.670000,3.670000
1.622010,3.670000,3.670000
1.623010,3.670000,3.670000
1.624010,3.670000,3.670000
1.625010,3.670000,3.670000
1.626010,3.670000,3.670000
1.627010,3.680000,3.680000
1.628010,3.680000,3.680000
1.629010,3.680000,3.680000
1.630010,3.680000,3.680000
1.631010,3.680000,3.680000
1.632010,3.680000,3.680000
1.633010,3.680000,3.680000
1.634010,3.680000,3.680000
1.635010,3.680000,3.680000
1.636010,3.680000,3.680000
1.637010,3.680000,3.680000
1.638010,3.680000,3.680000
1.639010,3.680000,3.680000
1.640010,3.680000,3.680000
1.641010,3.680000,3.680000
1.642010,3.680000,3.680000
1.643010,3.680000,3.680000
1.644010,3.690000,3.690000
1.645010,3.690000,3.690000
1.646010,3.690000,3.690000
1.647010,3.690000,3.690000
1.648010,3.690000,3.690000
1.649010,3.690000,3.690000
1.650010,3.690000,3.690000
1.651010,3.690000,3.690000
1.652010,3.690000,3.690000
1.653010,3.690000,3.690000
1.654010,3.690000,3.690000
1.655010,3.690000,3.690000
1.656010,3.690000,3.690000
1.657010,3.690000,3.690000
1.658010,3.690000,3.690000
1.659010,3.690000,3.690000
1.660010,3.690000,3.690000
1.661010,3.700000,3.700000
1.662010,3.700000,3.700000
1.663010,3.700000,3.700000
1.664010,3.700000,3.700000
1.665010,3.700000,3.700000
1.666010,3.700000,3.700000
1.667010,3.700000,3.700000
1.668010,3.700000,3.700000
1.669010,3.700000,3.700000
1.670010,3.700000,3.700000
1.671010,3.700000,3.700000
1.672010,3.700000,3.700000
1.673010,3.700000,3.700000
1.674010,3.700000,3.700000
1.675010,3.700000,3.700000
1.676010,3.700000,3.700000
1.677010,3.700000,3.700000
1.678010,3.700000,3.700000
1.679010,3.710000,3.710000
1.680010,3.710000,3.710000
1.681010,3.710000,3.710000
1.682010,3.710000,3.710000
1.683010,3.710000,3.710000
1.684010,3.710000,3.710000
1.685010,3.710000,3.710000
1.686010,3.710000,3.710000
1.687010,3.710000,3.710000
1.688010,3.710000,3.710000
1.689010,3.710000,3.710000
1.690010,3.710000,3.710000
1.691010,3.710000,3.710000
1.692010,3.710000,3.710000
1.693010,3.710000,3.710000
1.694010,3.710000,3.710000
1.695010,3.710000,3.710000
1.696010,3.720000,3.720000
1.697010,3.720000,3.720000
1.698010,3.720000,3.720000
1.699010,3.720000,3.720000
1.700010,3.720000,3.720000
1.701010,3.720000,3.720000
1.702010,3.720000,3.720000
1.703010,3.720000,3.720000
1.704010,3.720000,3.720000
1.705010,3.720000,3.720000
1.706010,3.720000,3.720000
1.707010,3.720000,3.720000
1.708010,3.720000,3.720000
1.709010,3.720000,3.720000
1.710010,3.720000,3.720000
1.711010,3.720000,3.720000
1.712010,3.720000,3.720000
1.713010,3.720000,3.720000
1.714010,3.730000,3.730000
1.715010,3.730000,3.730000
1.716010,3.730000,3.730000
1.717010,3.730000,3.730000
1.718010,3.730000,3.730000
1.719010,3.730000,3.730000
1.720010,3.730000,3.730000
1.721010,3.730000,3.730000
1.722010,3.730000,3.730000
1.723010,3.730000,3.730000
1.724010,3.730000,3.730000
1.725010,3.730000,3.730000
1.726010,3.730000,3.730000
1.727010,3.730000,3.730000
1.728010,3.730000,3.730000
1.729010,3.730000,3.730000
1.730010,3.730000,3.730000
1.731010,3.730000,3.730000
1.732010,3.740000,3.740000
1.733010,3.740000,3.740000
1.734010,3.740000,3.740000
1.735010,3.740000,3.740000
1.736010,3.740000,3.740000
1.737010,3.740000,3.740000
1.738010,3.740000,3.740000
1.739010,3.740000,3.740000
1.740010,3.740000,3.740000
1.741010,3.740000,3.740000
1.742010,3.740000,3.740000
1.743010,3.740000,3.740000
1.744010,3.740000,3.740000
1.745010,3.740000,3.740000
1.746010,3.740000,3.740000
1.747010,3.740000,3.740000
1.748010,3.740000,3.740000
1.749010,3.750000,3.750000
1.750010,3.750000,3.750000
1.751010,3.750000,3.750000
1.752010,3.750000,3.750000
1.753010,3.750000,3.750000
1.754010,3.750000,3.750000
1.755010,3.750000,3.750000
1.756010,3.750000,3.750000
1.757010,3.750000,3.750000
1.758010,3.750000,3.750000
1.759010,3.750000,3.750000
1.760010,3.750000,3.750000
1.761010,3.750000,3.750000
1.762010,3.750000,3.750000
1.763010,3.750000,3.750000
1.764010,3.750000,3.750000
1.765010,3.750000,3.750000
1.766010,3.750000,3.750000
1.767010,3.760000,3.760000
1.768010,3.760000,3.760000
1.769010,3.760000,3.760000
1.770010,3.760000,3.760000
1.771010,3.760000,3.760000
1.772010,3.760000,3.760000
1.773010,3.760000,3.760000
1.774010,3.760000,3.760000
1.775010,3.760000,3.760000
1.776010,3.760000,3.760000
1.777010,3.760000,3.760000
1.778010,3.760000,3.760000
1.779010,3.760000,3.760000
1.780010,3.760000,3.760000
1.781010,3.760000,3.760000
1.782010,3.760000,3.760000
1.783010,3.760000,3.760000
1.784010,3.760000,3.760000
1.785010,3.770000,3.770000
1.786010,3.770000,3.770000
1.787010,3.770000,3.770000
1.788010,3.770000,3.770000
1.789010,3.770000,3.770000
1.790010,3.770000,3.770000
1.791010,3.770000,3.770000
1.792010,3.770000,3.770000
1.793010,3.770000,3.770000
1.794010,3.770000,3.770000
1.795010,3.770000,3.770000
1.796010,3.770000,3.770000
1.797010,3.770000,3.770000
1.798010,3.770000,3.770000
1.799010,3.770000,3.770000
1.800010,3.770000,3.770000
1.801010,3.770000,3.770000
1.802010,3.770000,3.770000
1.803010,3.780000,3.780000
1.804010,3.780000,3.780000
1.805010,3.780000,3.780000
1.806010,3.780000,3.780000
1.807010,3.780000,3.780000
1.808010,3.780000,3.780000
1.809010,3.780000,3.780000
1.810010,3.780000,3.780000
1.811010,3.780000,3.780000
1.812010,3.780000,3.780000
1.813010,3.780000,3.780000
1.814010,3.780000,3.780000
1.815010,3.780000,3.780000
1.816010,3.780000,3.780000
1.817010,3.780000,3.780000
1.818010,3.780000,3.780000
1.819010,3.780000,3.780000
1.820010,3.780000,3.780000
1.821010,3.790000,3.790000
1.822010,3.790000,3.790000
1.823010,3.790000,3.790000
1.824010,3.790000,3.790000
1.825010,3.790000,3.790000
1.826010,3.790000,3.790000
1.827010,3.790000,3.790000
1.828010,3.790000,3.790000
1.829010,3.790000,3.790000
1.830010,3.790000,3.790000
1.831010,3.790000,3.790000
1.832010,3.790000,3.790000
1.833010,3.790000,3.790000
1.834010,3.790000,3.790000
1.835010,3.790000,3.790000
1.836010,3.790000,3.790000
1.837010,3.790000,3.790000
1.838010,3.790000,3.790000
1.839010,3.800000,3.800000
1.840010,3.800000,3.800000
1.841010,3.800000,3.800000
1.842010,3.800000,3.800000
1.843010,3.800000,3.800000
1.844010,3.800000,3.800000
1.845010,3.800000,3.800000
1.846010,3.800000,3.800000
1.847010,3.800000,3.800000
1.848010,3.800000,3.800000
1.849010,3.800000,3.800000
1.850010,3.800000,3.800000
1.851010,3.800000,3.800000
1.852010,3.800000,3.800000
1.853010,3.800000,3.800000
1.854010,3.800000,3.800000
1.855010,3.800000,3.800000
1.856010,3.800000,3.800000
1.857010,3.810000,3.810000
1.858010,3.810000,3.810000
1.859010,3.810000,3.810000
1.860010,3.810000,3.810000
1.861010,3.810000,3.810000
1.862010,3.810000,3.810000
1.863010,3.810000,3.810000
1.864010,3.810000,3.810000
1.865010,3.810000,3.810000
1.866010,3.810000,3.810000
1.867010,3.810000,3.810000
1.868010,3.810000,3.810000
1.869010,3.810000,3.810000
1.870010,3.810000,3.810000
1.871010,3.810000,3.810000
1.872010,3.810000,3.810000
1.873010,3.810000,3.810000
1.874010,3.810000,3.810000
1.875010,3.820000,3.820000
1.876010,3.820000,3.820000
1.877010,3.820000,3.820000
1.878010,3.820000,3.820000
1.879010,3.820000,3.820000
1.880010,3.820000,3.820000
1.881010,3.820000,3.820000
1.882010,3.820000,3.820000
1.883010,3.820000,3.820000
1.884010,3.820000,3.820000
1.885010,3.820000,3.820000
1.886010,3.820000,3.820000
1.887010,3.820000,3.820000
1.888010,3.820000,3.820000
1.889010,3.820000,3.820000
1.890010,3.820000,3.820000
1.891010,3.820000,3.820000
1.892010,3.820000,3.820000
1.893010,3.820000,3.820000
1.894010,3.830000,3.830000
1.895010,3.830000,3.830000
1.896010,3.830000,3.830000
1.897010,3.830000,3.830000
1.898010,3.830000,3.830000
1.899010,3.830000,3.830000
1.900010,3.830000,3.830000
1.901010,3.830000,3.830000
1.902010,3.830000,3.830000
1.903010,3.830000,3.830000
1.904010,3.830000,3.830000
1.905010,3.830000,3.830000
1.906010,3.830000,3.830000
1.907010,3.830000,3.830000
1.908010,3.830000,3.830000
1.909010,3.830000,3.830000
1.910010,3.830000,3.830000
1.911010,3.830000,3.830000
1.912010,3.840000,3.840000
1.913010,3.840000,3.840000
1.914010,3.840000,3.840000
1.915010,3.840000,3.840000
1.916010,3.840000,3.840000
1.917010,3.840000,3.840000
1.918010,3.840000,3.840000
1.919010,3.840000,3.840000
1.920010,3.840000,3.840000
1.921010,3.840000,3.840000
1.922010,3.840000,3.840000
1.923010,3.840000,3.840000
1.924010,3.840000,3.840000
1.925010,3.840000,3.840000
1.926010,3.840000,3.840000
1.927010,3.840000,3.840000
1.928010,3.840000,3.840000
1.929010,3.840000,3.840000
1.930010,3.840000,3.840000
1.931010,3.850000,3.850000
1.932010,3.850000,3.850000
1.933010,3.850000,3.850000
1.934010,3.850000,3.850000
1.935010,3.850000,3.850000
1.936010,3.850000,3.850000
1.937010,3.850000,3.850000
1.938010,3.850000,3.850000
1.939010,3.850000,3.850000
1.940010,3.850000,3.850000
1.941010,3.850000,3.850000
1.942010,3.850000,3.850000
1.943010,3.850000,3.850000
1.944010,3.850000,3.850000
1.945010,3.850000,3.850000
1.946010,3.850000,3.850000
1.947010,3.850000,3.850000
1.948010,3.850000,3.850000
1.949010,3.860000,3.860000
1.950010,3.860000,3.860000
1.951010,3.860000,3.860000
1.952010,3.860000,3.860000
1.953010,3.860000,3.860000
1.954010,3.860000,3.860000
1.955010,3.860000,3.860000
1.956010,3.860000,3.860000
1.957010,3.860000,3.860000
1.958010,3.860000,3.860000
1.959010,3.860000,3.860000
1.960010,3.860000,3.860000
1.961010,3.860000,3.860000
1.962010,3.860000,3.860000
1.963010,3.860000,3.860000
1.964010,3.860000,3.860000
1.965010,3.860000,3.860000
1.966010,3.860000,3.860000
1.967010,3.860000,3.860000
1.968010,3.870000,3.870000
1.969010,3.870000,3.870000
1.970010,3.870000,3.870000
1.971010,3.870000,3.870000
1.972010,3.870000,3.870000
1.973010,3.870000,3.870000
1.974010,3.870000,3.870000
1.975010,3.870000,3.870000
1.976010,3.870000,3.870000
1.977010,3.870000,3.870000
1.978010,3.870000,3.870000
1.979010,3.870000,3.870000
1.980010,3.870000,3.870000
1.981010,3.870000,3.870000
1.982010,3.870000,3.870000
1.983010,3.870000,3.870000
1.984010,3.870000,3.870000
1.985010,3.870000,3.870000
1.986010,3.870000,3.870000
1.987010,3.880000,3.880000
1.988010,3.880000,3.880000
1.989010,3.880000,3.880000
1.990010,3.880000,3.880000
1.991010,3.880000,3.880000
1.992010,3.880000,3.880000
1.993010,3.880000,3.880000
1.994010,3.880000,3.880000
1.995010,3.880000,3.880000
1.996010,3.880000,3.880000
1.997010,3.880000,3.880000
1.998010,3.880000,3.880000
1.999010,3.880000,3.880000
