# Source: Ahlers & Halzen (2012), https://arxiv.org/abs/1208.4181 Fig 2 p, solid line
# Data type: Flux
# Column values:
# Energy [GeV]
# Flux [GeV cm^-2 s^-1 sr^-1]
# Flux band minimum
# Flux band maximum


325335.7061  9.78E-13 0 0
383643.923  1.19E-12 0 0
435189.7512  1.47E-12 0 0
498471.76  1.86E-12 0 0
565445.6859  2.30E-12 0 0
641418.1291  2.91E-12 0 0
741847.5983  3.65E-12 0 0
858001.7218  4.49E-12 0 0
982765.8559  5.59E-12 0 0
1128404.607  6.76E-12 0 0
1289359.01  8.39E-12 0 0
1491239.243  1.03E-11 0 0
1741535.584  1.26E-11 0 0
2053661.897  1.55E-11 0 0
2445327.898  1.90E-11 0 0
2940064.27  2.33E-11 0 0
3569341.57  2.86E-11 0 0
4375532.964  3.49E-11 0 0
5416083.789  4.29E-11 0 0
6704089.273  5.26E-11 0 0
8218312.267  6.40E-11 0 0
9977320.534  7.81E-11 0 0
11995922.36  9.51E-11 0 0
14283735.63  1.16E-10 0 0
17007871.29  1.43E-10 0 0
20056103.1  1.77E-10 0 0
23422410.18  2.18E-10 0 0
27089753.08  2.67E-10 0 0
31028940.5  3.25E-10 0 0
35540934.82  3.96E-10 0 0
40709029.29  4.81E-10 0 0
46628629.05  5.86E-10 0 0
53929464.9  7.21E-10 0 0
62981230.26  8.96E-10 0 0
73552284.86  1.11E-09 0 0
85897633.09  1.36E-09 0 0
101292616.6  1.68E-09 0 0
120610730.3  2.07E-09 0 0
145012576.4  2.54E-09 0 0
177765925.7  3.17E-09 0 0
214770200.4  3.50E-09 0 0
262005911.6  4.40E-09 0 0
324313856.6  5.14E-09 0 0
401439330  5.86E-09 0 0
496906106.1  6.51E-09 0 0
615075952.5  7.06E-09 0 0
761347914.1  7.45E-09 0 0
942404989.1  7.66E-09 0 0
1166519468  7.66E-09 0 0
1443930883  7.56E-09 0 0
1787313846  7.25E-09 0 0
2212357129  6.86E-09 0 0
2738480473  6.36E-09 0 0
3389721850  5.80E-09 0 0
4195835733  5.16E-09 0 0
5193652540  4.58E-09 0 0
6428761378  3.92E-09 0 0
7957592954  3.27E-09 0 0
9754939280  2.67E-09 0 0
11728549145  2.16E-09 0 0
13830595662  1.75E-09 0 0
15996108794  1.43E-09 0 0
18322142194  1.16E-09 0 0
20783878029  9.51E-10 0 0
23348842548  7.79E-10 0 0
26230352564  6.36E-10 0 0
29467473354  5.09E-10 0 0
32784616411  4.18E-10 0 0
36475169091  3.34E-10 0 0
40581165980  2.68E-10 0 0
44713654214  2.18E-10 0 0
49266964734  1.76E-10 0 0
54283950993  1.42E-10 0 0
59811830327  1.13E-10 0 0
65902628339  8.96E-11 0 0
71912901894  7.23E-11 0 0
77714011713  5.97E-11 0 0
83983088673  4.90E-11 0 0