# Source: Astrophysical band from Righi et al (2020) and murase_grb_wind, https://arxiv.org/pdf/2003.08701.pdf, left solid red line
# Data type: Flux
# Column values:
# Energy [GeV]
# Flux [GeV cm^-2 s^-1 sr^-1]
# Flux band minimum
# Flux band maximum


29747545.27  1.03E-11 0 0
29913946.85  1.26E-11 0 0
31806958.12  2.14E-11 0 0
30845934.17  1.66E-11 0 0
30221437.7  1.48E-11 0 0
33135059.14  2.72E-11 0 0
35231908.5  3.31E-11 0 0
36329580.17  4.05E-11 0 0
38235554.73  5.53E-11 0 0
35959941.45  4.59E-11 0 0
41921809.92  8.76E-11 0 0
40655173.13  6.97E-11 0 0
45651149.56  1.32E-10 0 0
43523636.02  1.07E-10 0 0
50118003.03  2.23E-10 0 0
48473898.65  1.71E-10 0 0
46913243.48  1.54E-10 0 0
54134621.61  2.96E-10 0 0
57855443.43  3.92E-10 0 0
63060078.59  5.24E-10 0 0
67485740.83  6.62E-10 0 0
9.58290e+7	9.46027e-10	0.0	0.0
1.56828e+8	1.11736e-9	0.0	0.0
2.72350e+8	1.23471e-9	0.0	0.0
4.28616e+8	1.29794e-9	0.0	0.0
6.61337e+8	1.38729e-9	0.0	0.0
1.04084e+9	1.43426e-9	0.0	0.0
1.77300e+9	1.36439e-9	0.0	0.0
3.02177e+9	1.08077e-9	0.0	0.0
4.39920e+9	8.00967e-10	0.0	0.0
5.92065e+9	5.28313e-10	0.0	0.0
7.65973e+9	3.54322e-10	0.0	0.0
8.97694e+9	2.58255e-10	0.0	0.0
1.05207e+10	1.88234e-10	0.0	0.0
1.18507e+10	1.46644e-10	0.0	0.0
1.36187e+10	1.03385e-10	0.0	0.0
1.59629e+10	7.16839e-11	0.0	0.0
1.94763e+10	3.93714e-11	0.0	0.0
2.19428e+10	2.86967e-11	0.0	0.0
2.52175e+10	1.98973e-11	0.0	0.0
3.07738e+10	1.02244e-11	0.0	0.0
