# Source: Combination between ahlers_fig2_p_solid_line and vanvliet19_soft_100EeV
# Data type: Flux
# Column values:
# Energy [GeV]
# Flux [GeV cm^-2 s^-1 sr^-1]
# Flux band minimum
# Flux band maximum


83437.9242  5.12E-11 0 0
103015.74  5.84E-11 0 0
127196.7539  6.52E-11 0 0
157059.1735  7.21E-11 0 0
184802.1013  8.46E-11 0 0
205202.3711  1.09E-10 0 0
239062.1486  1.41E-10 0 0
286726.3978  1.68E-10 0 0
327693.7218  2.15E-10 0 0
363890.5631  2.72E-10 0 0
400191.0928  3.53E-10 0 0
448618.6  4.66E-10 0 0
522719.7838  5.77E-10 0 0
603207.1705  7.25E-10 0 0
679556.1221  9.18E-10 0 0
780443.9815  1.15E-09 0 0
883514.9667  1.43E-09 0 0
990583.4667  1.81E-09 0 0
1121296.595  2.32E-09 0 0
1306378.127  2.94E-09 0 0
1551486.885  3.77E-09 0 0
1914753.282  4.81E-09 0 0
2363406.202  5.90E-09 0 0
2917613.242  6.94E-09 0 0
3602135.963  7.95E-09 0 0
4448633.359  8.35E-09 0 0
5495877.612  8.00E-09 0 0
6789234.096  7.79E-09 0 0
8389348.988  7.01E-09 0 0
10367655.27  6.13E-09 0 0
12812688.1  5.33E-09 0 0
15834447.99  4.63E-09 0 0
19572474.02  3.82E-09 0 0
23736201.53  3.02E-09 0 0
28783738.85  2.44E-09 0 0
35570939.7  2.14E-09 0 0
43960153.38  1.85E-09 0 0
54319417.35  1.68E-09 0 0
67098073.12  1.67E-09 0 0
82865922.19  1.75E-09 0 0
102311900.7  1.98E-09 0 0
126313028.1  2.29E-09 0 0
155945593.5  2.63E-09 0 0
177765925.7  3.17E-09 0 0
214770200.4  3.50E-09 0 0
262005911.6  4.40E-09 0 0
324313856.6  5.14E-09 0 0
401439330  5.86E-09 0 0
496906106.1  6.51E-09 0 0
615075952.5  7.06E-09 0 0
761347914.1  7.45E-09 0 0
942404989.1  7.66E-09 0 0
1166519468  7.66E-09 0 0
1443930883  7.56E-09 0 0
1787313846  7.25E-09 0 0
2212357129  6.86E-09 0 0
2738480473  6.36E-09 0 0
3389721850  5.80E-09 0 0
4195835733  5.16E-09 0 0
5193652540  4.58E-09 0 0
6428761378  3.92E-09 0 0
7957592954  3.27E-09 0 0
9754939280  2.67E-09 0 0
11728549145  2.16E-09 0 0
13830595662  1.75E-09 0 0
15996108794  1.43E-09 0 0
18322142194  1.16E-09 0 0
20783878029  9.51E-10 0 0
23348842548  7.79E-10 0 0
26230352564  6.36E-10 0 0
29467473354  5.09E-10 0 0
32784616411  4.18E-10 0 0
36475169091  3.34E-10 0 0
40581165980  2.68E-10 0 0
44713654214  2.18E-10 0 0
49266964734  1.76E-10 0 0
54283950993  1.42E-10 0 0
59811830327  1.13E-10 0 0
65902628339  8.96E-11 0 0
71912901894  7.23E-11 0 0
77714011713  5.97E-11 0 0
83983088673  4.90E-11 0 0