# Source: van Vliet et. al. Phys. Rev. D 100, 021302 (2019) (arXiv:1901.01899), alpha=2.9, E=100 EeV
# Data type: Flux
# Column values:
# Energy [GeV]
# Flux [GeV cm^-2 s^-1 sr^-1]
# Flux band minimum
# Flux band maximum

83437.9242  5.12E-11 0 0
103015.74  5.84E-11 0 0
127196.7539  6.52E-11 0 0
157059.1735  7.21E-11 0 0
184802.1013  8.46E-11 0 0
205202.3711  1.09E-10 0 0
239062.1486  1.41E-10 0 0
286726.3978  1.68E-10 0 0
327693.7218  2.15E-10 0 0
363890.5631  2.72E-10 0 0
400191.0928  3.53E-10 0 0
448618.6  4.66E-10 0 0
522719.7838  5.77E-10 0 0
603207.1705  7.25E-10 0 0
679556.1221  9.18E-10 0 0
780443.9815  1.15E-09 0 0
883514.9667  1.43E-09 0 0
990583.4667  1.81E-09 0 0
1121296.595  2.32E-09 0 0
1306378.127  2.94E-09 0 0
1551486.885  3.77E-09 0 0
1914753.282  4.81E-09 0 0
2363406.202  5.90E-09 0 0
2917613.242  6.94E-09 0 0
3602135.963  7.95E-09 0 0
4448633.359  8.35E-09 0 0
5495877.612  8.00E-09 0 0
6789234.096  7.79E-09 0 0
8389348.988  7.01E-09 0 0
10367655.27  6.13E-09 0 0
12812688.1  5.33E-09 0 0
15834447.99  4.63E-09 0 0
19572474.02  3.82E-09 0 0
23736201.53  3.02E-09 0 0
28783738.85  2.44E-09 0 0
35570939.7  2.14E-09 0 0
43960153.38  1.85E-09 0 0
54319417.35  1.68E-09 0 0
67098073.12  1.67E-09 0 0
82865922.19  1.75E-09 0 0
102311900.7  1.98E-09 0 0
126313028.1  2.29E-09 0 0
155945593.5  2.63E-09 0 0
192527874.9  3.04E-09 0 0
237705566  3.45E-09 0 0
293516530.8  3.80E-09 0 0
362461088.7  4.09E-09 0 0
447657287.9  4.25E-09 0 0
552922738.5  4.31E-09 0 0
683011944.3  4.25E-09 0 0
843756965.1  4.13E-09 0 0
1042364944  3.98E-09 0 0
1287948601  3.64E-09 0 0
1591646513  3.19E-09 0 0
1967122715  2.73E-09 0 0
2431462210  2.26E-09 0 0
3005671274  1.83E-09 0 0
3680148371  1.46E-09 0 0
4420344834  1.16E-09 0 0
5208303277  9.27E-10 0 0
6078207671  7.36E-10 0 0
7025676702  5.84E-10 0 0
8043249166  4.63E-10 0 0
9119922400  3.70E-10 0 0
10241847195  2.96E-10 0 0
11502078360  2.35E-10 0 0
12918348456  1.83E-10 0 0
14369041942  1.46E-10 0 0
15983965638  1.14E-10 0 0
17780522799  8.90E-11 0 0
19589261068  7.00E-11 0 0
21877712892  5.26E-11 0 0